ID,Timestamp,Type,Occurences,StackFrame0,StackFrame0_Function,StackFrame0_File,StackFrame0_Line,StackFrame1,StackFrame1_Function,StackFrame1_File,StackFrame1_Line,StackFrame2,StackFrame2_Function,StackFrame2_File,StackFrame2_Line,StackFrame3,StackFrame3_Function,StackFrame3_File,StackFrame3_Line,StackFrame4,StackFrame4_Function,StackFrame4_File,StackFrame4_Line,StackFrame5,StackFrame5_Function,StackFrame5_File,StackFrame5_Line,StackFrame6,StackFrame6_Function,StackFrame6_File,StackFrame6_Line,StackFrame7,StackFrame7_Function,StackFrame7_File,StackFrame7_Line,StackFrame8,StackFrame8_Function,StackFrame8_File,StackFrame8_Line,StackFrame9,StackFrame9_Function,StackFrame9_File,StackFrame9_Line,StackFrame10,StackFrame10_Function,StackFrame10_File,StackFrame10_Line,StackFrame11,StackFrame11_Function,StackFrame11_File,StackFrame11_Line,StackFrame12,StackFrame12_Function,StackFrame12_File,StackFrame12_Line,StackFrame13,StackFrame13_Function,StackFrame13_File,StackFrame13_Line,StackFrame14,StackFrame14_Function,StackFrame14_File,StackFrame14_Line,StackFrame15,StackFrame15_Function,StackFrame15_File,StackFrame15_Line
648209688007285548,1990891991,flush (unnecessary),4,flush_clwb at nvmbugs/005_nvm_direct/original_lib/pmem.c:374,flush_clwb,nvmbugs/005_nvm_direct/original_lib/pmem.c,374,pmem_flush at nvmbugs/005_nvm_direct/original_lib/pmem.c:417,pmem_flush,nvmbugs/005_nvm_direct/original_lib/pmem.c,417,nvms_flush at nvmbugs/005_nvm_direct/original_lib/nvms_misc.c:112,nvms_flush,nvmbugs/005_nvm_direct/original_lib/nvms_misc.c,112,nvm_persist at nvmbugs/005_nvm_direct/original_lib/nvm_misc.c:525,nvm_persist,nvmbugs/005_nvm_direct/original_lib/nvm_misc.c,525,nvm_add_oper at nvmbugs/005_nvm_direct/original_lib/nvm_transaction.c:1430,nvm_add_oper,nvmbugs/005_nvm_direct/original_lib/nvm_transaction.c,1430,nvm_undo at nvmbugs/005_nvm_direct/original_lib/nvm_transaction.c:1763,nvm_undo,nvmbugs/005_nvm_direct/original_lib/nvm_transaction.c,1763,nvm_freelist_link at nvmbugs/005_nvm_direct/original_lib/nvm_heap.c:2925,nvm_freelist_link,nvmbugs/005_nvm_direct/original_lib/nvm_heap.c,2925,nvm_alloc_blk at nvmbugs/005_nvm_direct/original_lib/nvm_heap.c:3312,nvm_alloc_blk,nvmbugs/005_nvm_direct/original_lib/nvm_heap.c,3312,nvm_alloc at nvmbugs/005_nvm_direct/original_lib/nvm_heap.c:1631,nvm_alloc,nvmbugs/005_nvm_direct/original_lib/nvm_heap.c,1631,__klee_posix_wrapped_main at nvmbugs/005_nvm_direct/allocs.c:272,__klee_posix_wrapped_main,nvmbugs/005_nvm_direct/allocs.c,272,__klee_posix_ctor_stub_insert_point at runtime/POSIX/./klee_init_env.c:555,__klee_posix_ctor_stub_insert_point,runtime/POSIX/./klee_init_env.c,555,__user_main at runtime/POSIX/./klee_init_env.c:563,__user_main,runtime/POSIX/./klee_init_env.c,563,__uClibc_main at libc/misc/internals/__uClibc_main.c:401,__uClibc_main,libc/misc/internals/__uClibc_main.c,401,main,main,,0
335403601649827106,1990830173,flush (unnecessary),4,flush_clwb at nvmbugs/005_nvm_direct/original_lib/pmem.c:374,flush_clwb,nvmbugs/005_nvm_direct/original_lib/pmem.c,374,pmem_flush at nvmbugs/005_nvm_direct/original_lib/pmem.c:417,pmem_flush,nvmbugs/005_nvm_direct/original_lib/pmem.c,417,nvms_flush at nvmbugs/005_nvm_direct/original_lib/nvms_misc.c:112,nvms_flush,nvmbugs/005_nvm_direct/original_lib/nvms_misc.c,112,nvm_persist at nvmbugs/005_nvm_direct/original_lib/nvm_misc.c:525,nvm_persist,nvmbugs/005_nvm_direct/original_lib/nvm_misc.c,525,nvm_add_oper at nvmbugs/005_nvm_direct/original_lib/nvm_transaction.c:1430,nvm_add_oper,nvmbugs/005_nvm_direct/original_lib/nvm_transaction.c,1430,nvm_undo at nvmbugs/005_nvm_direct/original_lib/nvm_transaction.c:1763,nvm_undo,nvmbugs/005_nvm_direct/original_lib/nvm_transaction.c,1763,nvm_freelist_link at nvmbugs/005_nvm_direct/original_lib/nvm_heap.c:2922,nvm_freelist_link,nvmbugs/005_nvm_direct/original_lib/nvm_heap.c,2922,nvm_alloc_blk at nvmbugs/005_nvm_direct/original_lib/nvm_heap.c:3312,nvm_alloc_blk,nvmbugs/005_nvm_direct/original_lib/nvm_heap.c,3312,nvm_alloc at nvmbugs/005_nvm_direct/original_lib/nvm_heap.c:1631,nvm_alloc,nvmbugs/005_nvm_direct/original_lib/nvm_heap.c,1631,__klee_posix_wrapped_main at nvmbugs/005_nvm_direct/allocs.c:272,__klee_posix_wrapped_main,nvmbugs/005_nvm_direct/allocs.c,272,__klee_posix_ctor_stub_insert_point at runtime/POSIX/./klee_init_env.c:555,__klee_posix_ctor_stub_insert_point,runtime/POSIX/./klee_init_env.c,555,__user_main at runtime/POSIX/./klee_init_env.c:563,__user_main,runtime/POSIX/./klee_init_env.c,563,__uClibc_main at libc/misc/internals/__uClibc_main.c:401,__uClibc_main,libc/misc/internals/__uClibc_main.c,401,main,main,,0
9144212707070271825,1859955600,flush (unnecessary),8,flush_clwb at nvmbugs/005_nvm_direct/original_lib/pmem.c:374,flush_clwb,nvmbugs/005_nvm_direct/original_lib/pmem.c,374,pmem_flush at nvmbugs/005_nvm_direct/original_lib/pmem.c:417,pmem_flush,nvmbugs/005_nvm_direct/original_lib/pmem.c,417,nvms_flush at nvmbugs/005_nvm_direct/original_lib/nvms_misc.c:112,nvms_flush,nvmbugs/005_nvm_direct/original_lib/nvms_misc.c,112,nvm_persist at nvmbugs/005_nvm_direct/original_lib/nvm_misc.c:525,nvm_persist,nvmbugs/005_nvm_direct/original_lib/nvm_misc.c,525,nvm_add_oper at nvmbugs/005_nvm_direct/original_lib/nvm_transaction.c:1430,nvm_add_oper,nvmbugs/005_nvm_direct/original_lib/nvm_transaction.c,1430,nvm_undo at nvmbugs/005_nvm_direct/original_lib/nvm_transaction.c:1763,nvm_undo,nvmbugs/005_nvm_direct/original_lib/nvm_transaction.c,1763,nvm_freelist_unlink at nvmbugs/005_nvm_direct/original_lib/nvm_heap.c:3037,nvm_freelist_unlink,nvmbugs/005_nvm_direct/original_lib/nvm_heap.c,3037,nvm_free_blk at nvmbugs/005_nvm_direct/original_lib/nvm_heap.c:3442,nvm_free_blk,nvmbugs/005_nvm_direct/original_lib/nvm_heap.c,3442,nvm_free_callback at nvmbugs/005_nvm_direct/original_lib/nvm_heap.c:1964,nvm_free_callback,nvmbugs/005_nvm_direct/original_lib/nvm_heap.c,1964,nvm_commit at nvmbugs/005_nvm_direct/original_lib/nvm_transaction.c:2861,nvm_commit,nvmbugs/005_nvm_direct/original_lib/nvm_transaction.c,2861,nvm_txend at nvmbugs/005_nvm_direct/original_lib/nvm_transaction.c:836,nvm_txend,nvmbugs/005_nvm_direct/original_lib/nvm_transaction.c,836,__klee_posix_wrapped_main at nvmbugs/005_nvm_direct/allocs.c:281,__klee_posix_wrapped_main,nvmbugs/005_nvm_direct/allocs.c,281,__klee_posix_ctor_stub_insert_point at runtime/POSIX/./klee_init_env.c:555,__klee_posix_ctor_stub_insert_point,runtime/POSIX/./klee_init_env.c,555,__user_main at runtime/POSIX/./klee_init_env.c:563,__user_main,runtime/POSIX/./klee_init_env.c,563,__uClibc_main at libc/misc/internals/__uClibc_main.c:401,__uClibc_main,libc/misc/internals/__uClibc_main.c,401,main,main,,0
10960759324543827789,1859929696,flush (unnecessary),12,flush_clwb at nvmbugs/005_nvm_direct/original_lib/pmem.c:374,flush_clwb,nvmbugs/005_nvm_direct/original_lib/pmem.c,374,pmem_flush at nvmbugs/005_nvm_direct/original_lib/pmem.c:417,pmem_flush,nvmbugs/005_nvm_direct/original_lib/pmem.c,417,nvms_flush at nvmbugs/005_nvm_direct/original_lib/nvms_misc.c:112,nvms_flush,nvmbugs/005_nvm_direct/original_lib/nvms_misc.c,112,nvm_persist at nvmbugs/005_nvm_direct/original_lib/nvm_misc.c:525,nvm_persist,nvmbugs/005_nvm_direct/original_lib/nvm_misc.c,525,nvm_add_oper at nvmbugs/005_nvm_direct/original_lib/nvm_transaction.c:1430,nvm_add_oper,nvmbugs/005_nvm_direct/original_lib/nvm_transaction.c,1430,nvm_undo at nvmbugs/005_nvm_direct/original_lib/nvm_transaction.c:1763,nvm_undo,nvmbugs/005_nvm_direct/original_lib/nvm_transaction.c,1763,nvm_freelist_unlink at nvmbugs/005_nvm_direct/original_lib/nvm_heap.c:3027,nvm_freelist_unlink,nvmbugs/005_nvm_direct/original_lib/nvm_heap.c,3027,nvm_free_blk at nvmbugs/005_nvm_direct/original_lib/nvm_heap.c:3442,nvm_free_blk,nvmbugs/005_nvm_direct/original_lib/nvm_heap.c,3442,nvm_free_callback at nvmbugs/005_nvm_direct/original_lib/nvm_heap.c:1964,nvm_free_callback,nvmbugs/005_nvm_direct/original_lib/nvm_heap.c,1964,nvm_commit at nvmbugs/005_nvm_direct/original_lib/nvm_transaction.c:2861,nvm_commit,nvmbugs/005_nvm_direct/original_lib/nvm_transaction.c,2861,nvm_txend at nvmbugs/005_nvm_direct/original_lib/nvm_transaction.c:836,nvm_txend,nvmbugs/005_nvm_direct/original_lib/nvm_transaction.c,836,__klee_posix_wrapped_main at nvmbugs/005_nvm_direct/allocs.c:281,__klee_posix_wrapped_main,nvmbugs/005_nvm_direct/allocs.c,281,__klee_posix_ctor_stub_insert_point at runtime/POSIX/./klee_init_env.c:555,__klee_posix_ctor_stub_insert_point,runtime/POSIX/./klee_init_env.c,555,__user_main at runtime/POSIX/./klee_init_env.c:563,__user_main,runtime/POSIX/./klee_init_env.c,563,__uClibc_main at libc/misc/internals/__uClibc_main.c:401,__uClibc_main,libc/misc/internals/__uClibc_main.c,401,main,main,,0
8216981416783085213,1859860153,flush (unnecessary),12,flush_clwb at nvmbugs/005_nvm_direct/original_lib/pmem.c:374,flush_clwb,nvmbugs/005_nvm_direct/original_lib/pmem.c,374,pmem_flush at nvmbugs/005_nvm_direct/original_lib/pmem.c:417,pmem_flush,nvmbugs/005_nvm_direct/original_lib/pmem.c,417,nvms_flush at nvmbugs/005_nvm_direct/original_lib/nvms_misc.c:112,nvms_flush,nvmbugs/005_nvm_direct/original_lib/nvms_misc.c,112,nvm_persist at nvmbugs/005_nvm_direct/original_lib/nvm_misc.c:525,nvm_persist,nvmbugs/005_nvm_direct/original_lib/nvm_misc.c,525,nvm_add_oper at nvmbugs/005_nvm_direct/original_lib/nvm_transaction.c:1430,nvm_add_oper,nvmbugs/005_nvm_direct/original_lib/nvm_transaction.c,1430,nvm_undo at nvmbugs/005_nvm_direct/original_lib/nvm_transaction.c:1763,nvm_undo,nvmbugs/005_nvm_direct/original_lib/nvm_transaction.c,1763,nvm_blk_undo at nvmbugs/005_nvm_direct/original_lib/nvm_heap.c:2853,nvm_blk_undo,nvmbugs/005_nvm_direct/original_lib/nvm_heap.c,2853,nvm_free_blk at nvmbugs/005_nvm_direct/original_lib/nvm_heap.c:3432,nvm_free_blk,nvmbugs/005_nvm_direct/original_lib/nvm_heap.c,3432,nvm_free_callback at nvmbugs/005_nvm_direct/original_lib/nvm_heap.c:1964,nvm_free_callback,nvmbugs/005_nvm_direct/original_lib/nvm_heap.c,1964,nvm_commit at nvmbugs/005_nvm_direct/original_lib/nvm_transaction.c:2861,nvm_commit,nvmbugs/005_nvm_direct/original_lib/nvm_transaction.c,2861,nvm_txend at nvmbugs/005_nvm_direct/original_lib/nvm_transaction.c:836,nvm_txend,nvmbugs/005_nvm_direct/original_lib/nvm_transaction.c,836,__klee_posix_wrapped_main at nvmbugs/005_nvm_direct/allocs.c:281,__klee_posix_wrapped_main,nvmbugs/005_nvm_direct/allocs.c,281,__klee_posix_ctor_stub_insert_point at runtime/POSIX/./klee_init_env.c:555,__klee_posix_ctor_stub_insert_point,runtime/POSIX/./klee_init_env.c,555,__user_main at runtime/POSIX/./klee_init_env.c:563,__user_main,runtime/POSIX/./klee_init_env.c,563,__uClibc_main at libc/misc/internals/__uClibc_main.c:401,__uClibc_main,libc/misc/internals/__uClibc_main.c,401,main,main,,0
9446806213139940559,1856311148,flush (unnecessary),4,flush_clwb at nvmbugs/005_nvm_direct/original_lib/pmem.c:374,flush_clwb,nvmbugs/005_nvm_direct/original_lib/pmem.c,374,pmem_flush at nvmbugs/005_nvm_direct/original_lib/pmem.c:417,pmem_flush,nvmbugs/005_nvm_direct/original_lib/pmem.c,417,nvms_flush at nvmbugs/005_nvm_direct/original_lib/nvms_misc.c:112,nvms_flush,nvmbugs/005_nvm_direct/original_lib/nvms_misc.c,112,nvm_persist at nvmbugs/005_nvm_direct/original_lib/nvm_misc.c:525,nvm_persist,nvmbugs/005_nvm_direct/original_lib/nvm_misc.c,525,nvm_add_oper at nvmbugs/005_nvm_direct/original_lib/nvm_transaction.c:1430,nvm_add_oper,nvmbugs/005_nvm_direct/original_lib/nvm_transaction.c,1430,nvm_undo at nvmbugs/005_nvm_direct/original_lib/nvm_transaction.c:1763,nvm_undo,nvmbugs/005_nvm_direct/original_lib/nvm_transaction.c,1763,nvm_freelist_unlink at nvmbugs/005_nvm_direct/original_lib/nvm_heap.c:3013,nvm_freelist_unlink,nvmbugs/005_nvm_direct/original_lib/nvm_heap.c,3013,nvm_free_blk at nvmbugs/005_nvm_direct/original_lib/nvm_heap.c:3415,nvm_free_blk,nvmbugs/005_nvm_direct/original_lib/nvm_heap.c,3415,nvm_free_callback at nvmbugs/005_nvm_direct/original_lib/nvm_heap.c:1964,nvm_free_callback,nvmbugs/005_nvm_direct/original_lib/nvm_heap.c,1964,nvm_commit at nvmbugs/005_nvm_direct/original_lib/nvm_transaction.c:2861,nvm_commit,nvmbugs/005_nvm_direct/original_lib/nvm_transaction.c,2861,nvm_txend at nvmbugs/005_nvm_direct/original_lib/nvm_transaction.c:836,nvm_txend,nvmbugs/005_nvm_direct/original_lib/nvm_transaction.c,836,__klee_posix_wrapped_main at nvmbugs/005_nvm_direct/allocs.c:281,__klee_posix_wrapped_main,nvmbugs/005_nvm_direct/allocs.c,281,__klee_posix_ctor_stub_insert_point at runtime/POSIX/./klee_init_env.c:555,__klee_posix_ctor_stub_insert_point,runtime/POSIX/./klee_init_env.c,555,__user_main at runtime/POSIX/./klee_init_env.c:563,__user_main,runtime/POSIX/./klee_init_env.c,563,__uClibc_main at libc/misc/internals/__uClibc_main.c:401,__uClibc_main,libc/misc/internals/__uClibc_main.c,401,main,main,,0
3066456467740272897,1776372369,flush (unnecessary),32,flush_clwb at nvmbugs/005_nvm_direct/original_lib/pmem.c:374,flush_clwb,nvmbugs/005_nvm_direct/original_lib/pmem.c,374,pmem_flush at nvmbugs/005_nvm_direct/original_lib/pmem.c:417,pmem_flush,nvmbugs/005_nvm_direct/original_lib/pmem.c,417,nvms_flush at nvmbugs/005_nvm_direct/original_lib/nvms_misc.c:112,nvms_flush,nvmbugs/005_nvm_direct/original_lib/nvms_misc.c,112,nvm_persist at nvmbugs/005_nvm_direct/original_lib/nvm_misc.c:525,nvm_persist,nvmbugs/005_nvm_direct/original_lib/nvm_misc.c,525,nvm_add_oper at nvmbugs/005_nvm_direct/original_lib/nvm_transaction.c:1430,nvm_add_oper,nvmbugs/005_nvm_direct/original_lib/nvm_transaction.c,1430,nvm_undo at nvmbugs/005_nvm_direct/original_lib/nvm_transaction.c:1763,nvm_undo,nvmbugs/005_nvm_direct/original_lib/nvm_transaction.c,1763,nvm_freelist_unlink at nvmbugs/005_nvm_direct/original_lib/nvm_heap.c:3027,nvm_freelist_unlink,nvmbugs/005_nvm_direct/original_lib/nvm_heap.c,3027,nvm_free_blk at nvmbugs/005_nvm_direct/original_lib/nvm_heap.c:3415,nvm_free_blk,nvmbugs/005_nvm_direct/original_lib/nvm_heap.c,3415,nvm_free_callback at nvmbugs/005_nvm_direct/original_lib/nvm_heap.c:1964,nvm_free_callback,nvmbugs/005_nvm_direct/original_lib/nvm_heap.c,1964,nvm_commit at nvmbugs/005_nvm_direct/original_lib/nvm_transaction.c:2861,nvm_commit,nvmbugs/005_nvm_direct/original_lib/nvm_transaction.c,2861,nvm_txend at nvmbugs/005_nvm_direct/original_lib/nvm_transaction.c:836,nvm_txend,nvmbugs/005_nvm_direct/original_lib/nvm_transaction.c,836,__klee_posix_wrapped_main at nvmbugs/005_nvm_direct/allocs.c:281,__klee_posix_wrapped_main,nvmbugs/005_nvm_direct/allocs.c,281,__klee_posix_ctor_stub_insert_point at runtime/POSIX/./klee_init_env.c:555,__klee_posix_ctor_stub_insert_point,runtime/POSIX/./klee_init_env.c,555,__user_main at runtime/POSIX/./klee_init_env.c:563,__user_main,runtime/POSIX/./klee_init_env.c,563,__uClibc_main at libc/misc/internals/__uClibc_main.c:401,__uClibc_main,libc/misc/internals/__uClibc_main.c,401,main,main,,0
6887960308072618625,1776354706,flush (unnecessary),36,flush_clwb at nvmbugs/005_nvm_direct/original_lib/pmem.c:374,flush_clwb,nvmbugs/005_nvm_direct/original_lib/pmem.c,374,pmem_flush at nvmbugs/005_nvm_direct/original_lib/pmem.c:417,pmem_flush,nvmbugs/005_nvm_direct/original_lib/pmem.c,417,nvms_flush at nvmbugs/005_nvm_direct/original_lib/nvms_misc.c:112,nvms_flush,nvmbugs/005_nvm_direct/original_lib/nvms_misc.c,112,nvm_persist at nvmbugs/005_nvm_direct/original_lib/nvm_misc.c:525,nvm_persist,nvmbugs/005_nvm_direct/original_lib/nvm_misc.c,525,nvm_add_oper at nvmbugs/005_nvm_direct/original_lib/nvm_transaction.c:1430,nvm_add_oper,nvmbugs/005_nvm_direct/original_lib/nvm_transaction.c,1430,nvm_undo at nvmbugs/005_nvm_direct/original_lib/nvm_transaction.c:1763,nvm_undo,nvmbugs/005_nvm_direct/original_lib/nvm_transaction.c,1763,nvm_free_blk at nvmbugs/005_nvm_direct/original_lib/nvm_heap.c:3410,nvm_free_blk,nvmbugs/005_nvm_direct/original_lib/nvm_heap.c,3410,nvm_free_callback at nvmbugs/005_nvm_direct/original_lib/nvm_heap.c:1964,nvm_free_callback,nvmbugs/005_nvm_direct/original_lib/nvm_heap.c,1964,nvm_commit at nvmbugs/005_nvm_direct/original_lib/nvm_transaction.c:2861,nvm_commit,nvmbugs/005_nvm_direct/original_lib/nvm_transaction.c,2861,nvm_txend at nvmbugs/005_nvm_direct/original_lib/nvm_transaction.c:836,nvm_txend,nvmbugs/005_nvm_direct/original_lib/nvm_transaction.c,836,__klee_posix_wrapped_main at nvmbugs/005_nvm_direct/allocs.c:281,__klee_posix_wrapped_main,nvmbugs/005_nvm_direct/allocs.c,281,__klee_posix_ctor_stub_insert_point at runtime/POSIX/./klee_init_env.c:555,__klee_posix_ctor_stub_insert_point,runtime/POSIX/./klee_init_env.c,555,__user_main at runtime/POSIX/./klee_init_env.c:563,__user_main,runtime/POSIX/./klee_init_env.c,563,__uClibc_main at libc/misc/internals/__uClibc_main.c:401,__uClibc_main,libc/misc/internals/__uClibc_main.c,401,main,main,,0
2027243727172228920,1776335529,flush (unnecessary),72,flush_clwb at nvmbugs/005_nvm_direct/original_lib/pmem.c:374,flush_clwb,nvmbugs/005_nvm_direct/original_lib/pmem.c,374,pmem_flush at nvmbugs/005_nvm_direct/original_lib/pmem.c:417,pmem_flush,nvmbugs/005_nvm_direct/original_lib/pmem.c,417,nvms_flush at nvmbugs/005_nvm_direct/original_lib/nvms_misc.c:112,nvms_flush,nvmbugs/005_nvm_direct/original_lib/nvms_misc.c,112,nvm_persist at nvmbugs/005_nvm_direct/original_lib/nvm_misc.c:525,nvm_persist,nvmbugs/005_nvm_direct/original_lib/nvm_misc.c,525,nvm_add_oper at nvmbugs/005_nvm_direct/original_lib/nvm_transaction.c:1430,nvm_add_oper,nvmbugs/005_nvm_direct/original_lib/nvm_transaction.c,1430,nvm_undo at nvmbugs/005_nvm_direct/original_lib/nvm_transaction.c:1763,nvm_undo,nvmbugs/005_nvm_direct/original_lib/nvm_transaction.c,1763,nvm_blk_undo at nvmbugs/005_nvm_direct/original_lib/nvm_heap.c:2854,nvm_blk_undo,nvmbugs/005_nvm_direct/original_lib/nvm_heap.c,2854,nvm_free_blk at nvmbugs/005_nvm_direct/original_lib/nvm_heap.c:3404,nvm_free_blk,nvmbugs/005_nvm_direct/original_lib/nvm_heap.c,3404,nvm_free_callback at nvmbugs/005_nvm_direct/original_lib/nvm_heap.c:1964,nvm_free_callback,nvmbugs/005_nvm_direct/original_lib/nvm_heap.c,1964,nvm_commit at nvmbugs/005_nvm_direct/original_lib/nvm_transaction.c:2861,nvm_commit,nvmbugs/005_nvm_direct/original_lib/nvm_transaction.c,2861,nvm_txend at nvmbugs/005_nvm_direct/original_lib/nvm_transaction.c:836,nvm_txend,nvmbugs/005_nvm_direct/original_lib/nvm_transaction.c,836,__klee_posix_wrapped_main at nvmbugs/005_nvm_direct/allocs.c:281,__klee_posix_wrapped_main,nvmbugs/005_nvm_direct/allocs.c,281,__klee_posix_ctor_stub_insert_point at runtime/POSIX/./klee_init_env.c:555,__klee_posix_ctor_stub_insert_point,runtime/POSIX/./klee_init_env.c,555,__user_main at runtime/POSIX/./klee_init_env.c:563,__user_main,runtime/POSIX/./klee_init_env.c,563,__uClibc_main at libc/misc/internals/__uClibc_main.c:401,__uClibc_main,libc/misc/internals/__uClibc_main.c,401,main,main,,0
2925578793667951642,1776304134,flush (unnecessary),36,flush_clwb at nvmbugs/005_nvm_direct/original_lib/pmem.c:374,flush_clwb,nvmbugs/005_nvm_direct/original_lib/pmem.c,374,pmem_flush at nvmbugs/005_nvm_direct/original_lib/pmem.c:417,pmem_flush,nvmbugs/005_nvm_direct/original_lib/pmem.c,417,nvms_flush at nvmbugs/005_nvm_direct/original_lib/nvms_misc.c:112,nvms_flush,nvmbugs/005_nvm_direct/original_lib/nvms_misc.c,112,nvm_persist at nvmbugs/005_nvm_direct/original_lib/nvm_misc.c:525,nvm_persist,nvmbugs/005_nvm_direct/original_lib/nvm_misc.c,525,nvm_add_oper at nvmbugs/005_nvm_direct/original_lib/nvm_transaction.c:1430,nvm_add_oper,nvmbugs/005_nvm_direct/original_lib/nvm_transaction.c,1430,nvm_undo at nvmbugs/005_nvm_direct/original_lib/nvm_transaction.c:1763,nvm_undo,nvmbugs/005_nvm_direct/original_lib/nvm_transaction.c,1763,nvm_blk_undo at nvmbugs/005_nvm_direct/original_lib/nvm_heap.c:2853,nvm_blk_undo,nvmbugs/005_nvm_direct/original_lib/nvm_heap.c,2853,nvm_free_blk at nvmbugs/005_nvm_direct/original_lib/nvm_heap.c:3404,nvm_free_blk,nvmbugs/005_nvm_direct/original_lib/nvm_heap.c,3404,nvm_free_callback at nvmbugs/005_nvm_direct/original_lib/nvm_heap.c:1964,nvm_free_callback,nvmbugs/005_nvm_direct/original_lib/nvm_heap.c,1964,nvm_commit at nvmbugs/005_nvm_direct/original_lib/nvm_transaction.c:2861,nvm_commit,nvmbugs/005_nvm_direct/original_lib/nvm_transaction.c,2861,nvm_txend at nvmbugs/005_nvm_direct/original_lib/nvm_transaction.c:836,nvm_txend,nvmbugs/005_nvm_direct/original_lib/nvm_transaction.c,836,__klee_posix_wrapped_main at nvmbugs/005_nvm_direct/allocs.c:281,__klee_posix_wrapped_main,nvmbugs/005_nvm_direct/allocs.c,281,__klee_posix_ctor_stub_insert_point at runtime/POSIX/./klee_init_env.c:555,__klee_posix_ctor_stub_insert_point,runtime/POSIX/./klee_init_env.c,555,__user_main at runtime/POSIX/./klee_init_env.c:563,__user_main,runtime/POSIX/./klee_init_env.c,563,__uClibc_main at libc/misc/internals/__uClibc_main.c:401,__uClibc_main,libc/misc/internals/__uClibc_main.c,401,main,main,,0
14660987253794392584,1776397870,flush (unnecessary),36,flush_clwb at nvmbugs/005_nvm_direct/original_lib/pmem.c:374,flush_clwb,nvmbugs/005_nvm_direct/original_lib/pmem.c,374,pmem_flush at nvmbugs/005_nvm_direct/original_lib/pmem.c:417,pmem_flush,nvmbugs/005_nvm_direct/original_lib/pmem.c,417,nvms_flush at nvmbugs/005_nvm_direct/original_lib/nvms_misc.c:112,nvms_flush,nvmbugs/005_nvm_direct/original_lib/nvms_misc.c,112,nvm_persist at nvmbugs/005_nvm_direct/original_lib/nvm_misc.c:525,nvm_persist,nvmbugs/005_nvm_direct/original_lib/nvm_misc.c,525,nvm_add_oper at nvmbugs/005_nvm_direct/original_lib/nvm_transaction.c:1430,nvm_add_oper,nvmbugs/005_nvm_direct/original_lib/nvm_transaction.c,1430,nvm_undo at nvmbugs/005_nvm_direct/original_lib/nvm_transaction.c:1763,nvm_undo,nvmbugs/005_nvm_direct/original_lib/nvm_transaction.c,1763,nvm_freelist_unlink at nvmbugs/005_nvm_direct/original_lib/nvm_heap.c:3051,nvm_freelist_unlink,nvmbugs/005_nvm_direct/original_lib/nvm_heap.c,3051,nvm_free_blk at nvmbugs/005_nvm_direct/original_lib/nvm_heap.c:3415,nvm_free_blk,nvmbugs/005_nvm_direct/original_lib/nvm_heap.c,3415,nvm_free_callback at nvmbugs/005_nvm_direct/original_lib/nvm_heap.c:1964,nvm_free_callback,nvmbugs/005_nvm_direct/original_lib/nvm_heap.c,1964,nvm_commit at nvmbugs/005_nvm_direct/original_lib/nvm_transaction.c:2861,nvm_commit,nvmbugs/005_nvm_direct/original_lib/nvm_transaction.c,2861,nvm_txend at nvmbugs/005_nvm_direct/original_lib/nvm_transaction.c:836,nvm_txend,nvmbugs/005_nvm_direct/original_lib/nvm_transaction.c,836,__klee_posix_wrapped_main at nvmbugs/005_nvm_direct/allocs.c:281,__klee_posix_wrapped_main,nvmbugs/005_nvm_direct/allocs.c,281,__klee_posix_ctor_stub_insert_point at runtime/POSIX/./klee_init_env.c:555,__klee_posix_ctor_stub_insert_point,runtime/POSIX/./klee_init_env.c,555,__user_main at runtime/POSIX/./klee_init_env.c:563,__user_main,runtime/POSIX/./klee_init_env.c,563,__uClibc_main at libc/misc/internals/__uClibc_main.c:401,__uClibc_main,libc/misc/internals/__uClibc_main.c,401,main,main,,0
15569288586598761362,1771057117,fence (unnecessary),48,predrain_fence_sfence at nvmbugs/005_nvm_direct/original_lib/pmem.c:279,predrain_fence_sfence,nvmbugs/005_nvm_direct/original_lib/pmem.c,279,drain_no_pcommit at nvmbugs/005_nvm_direct/original_lib/pmem.c:299,drain_no_pcommit,nvmbugs/005_nvm_direct/original_lib/pmem.c,299,pmem_drain at nvmbugs/005_nvm_direct/original_lib/pmem.c:336,pmem_drain,nvmbugs/005_nvm_direct/original_lib/pmem.c,336,nvms_persist at nvmbugs/005_nvm_direct/original_lib/nvms_misc.c:125,nvms_persist,nvmbugs/005_nvm_direct/original_lib/nvms_misc.c,125,nvm_persist at nvmbugs/005_nvm_direct/original_lib/nvm_misc.c:533,nvm_persist,nvmbugs/005_nvm_direct/original_lib/nvm_misc.c,533,nvm_commit at nvmbugs/005_nvm_direct/original_lib/nvm_transaction.c:2751,nvm_commit,nvmbugs/005_nvm_direct/original_lib/nvm_transaction.c,2751,nvm_txend at nvmbugs/005_nvm_direct/original_lib/nvm_transaction.c:793,nvm_txend,nvmbugs/005_nvm_direct/original_lib/nvm_transaction.c,793,nvm_upgrade at nvmbugs/005_nvm_direct/original_lib/nvm_usid.c:752,nvm_upgrade,nvmbugs/005_nvm_direct/original_lib/nvm_usid.c,752,nvm_verify.603 at nvmbugs/005_nvm_direct/lib/nvm_usid.h:685,nvm_verify.603,nvmbugs/005_nvm_direct/lib/nvm_usid.h,685,__klee_posix_wrapped_main at nvmbugs/005_nvm_direct/allocs.c:247,__klee_posix_wrapped_main,nvmbugs/005_nvm_direct/allocs.c,247,__klee_posix_ctor_stub_insert_point at runtime/POSIX/./klee_init_env.c:555,__klee_posix_ctor_stub_insert_point,runtime/POSIX/./klee_init_env.c,555,__user_main at runtime/POSIX/./klee_init_env.c:563,__user_main,runtime/POSIX/./klee_init_env.c,563,__uClibc_main at libc/misc/internals/__uClibc_main.c:401,__uClibc_main,libc/misc/internals/__uClibc_main.c,401,main,main,,0
10294917666249018579,1770946943,flush (unnecessary),48,flush_clwb at nvmbugs/005_nvm_direct/original_lib/pmem.c:374,flush_clwb,nvmbugs/005_nvm_direct/original_lib/pmem.c,374,pmem_flush at nvmbugs/005_nvm_direct/original_lib/pmem.c:417,pmem_flush,nvmbugs/005_nvm_direct/original_lib/pmem.c,417,nvms_flush at nvmbugs/005_nvm_direct/original_lib/nvms_misc.c:112,nvms_flush,nvmbugs/005_nvm_direct/original_lib/nvms_misc.c,112,nvm_persist at nvmbugs/005_nvm_direct/original_lib/nvm_misc.c:525,nvm_persist,nvmbugs/005_nvm_direct/original_lib/nvm_misc.c,525,nvm_add_oper at nvmbugs/005_nvm_direct/original_lib/nvm_transaction.c:1430,nvm_add_oper,nvmbugs/005_nvm_direct/original_lib/nvm_transaction.c,1430,nvm_undo at nvmbugs/005_nvm_direct/original_lib/nvm_transaction.c:1763,nvm_undo,nvmbugs/005_nvm_direct/original_lib/nvm_transaction.c,1763,upgrade_br_v2 at nvmbugs/005_nvm_direct/types.h:78,upgrade_br_v2,nvmbugs/005_nvm_direct/types.h,78,nvm_upgrade at nvmbugs/005_nvm_direct/original_lib/nvm_usid.c:727,nvm_upgrade,nvmbugs/005_nvm_direct/original_lib/nvm_usid.c,727,nvm_verify.603 at nvmbugs/005_nvm_direct/lib/nvm_usid.h:685,nvm_verify.603,nvmbugs/005_nvm_direct/lib/nvm_usid.h,685,__klee_posix_wrapped_main at nvmbugs/005_nvm_direct/allocs.c:247,__klee_posix_wrapped_main,nvmbugs/005_nvm_direct/allocs.c,247,__klee_posix_ctor_stub_insert_point at runtime/POSIX/./klee_init_env.c:555,__klee_posix_ctor_stub_insert_point,runtime/POSIX/./klee_init_env.c,555,__user_main at runtime/POSIX/./klee_init_env.c:563,__user_main,runtime/POSIX/./klee_init_env.c,563,__uClibc_main at libc/misc/internals/__uClibc_main.c:401,__uClibc_main,libc/misc/internals/__uClibc_main.c,401,main,main,,0
7856465428732123592,1770526864,flush (unnecessary),20,flush_clwb at nvmbugs/005_nvm_direct/original_lib/pmem.c:374,flush_clwb,nvmbugs/005_nvm_direct/original_lib/pmem.c,374,pmem_flush at nvmbugs/005_nvm_direct/original_lib/pmem.c:417,pmem_flush,nvmbugs/005_nvm_direct/original_lib/pmem.c,417,nvms_flush at nvmbugs/005_nvm_direct/original_lib/nvms_misc.c:112,nvms_flush,nvmbugs/005_nvm_direct/original_lib/nvms_misc.c,112,nvm_persist at nvmbugs/005_nvm_direct/original_lib/nvm_misc.c:525,nvm_persist,nvmbugs/005_nvm_direct/original_lib/nvm_misc.c,525,nvm_add_oper at nvmbugs/005_nvm_direct/original_lib/nvm_transaction.c:1430,nvm_add_oper,nvmbugs/005_nvm_direct/original_lib/nvm_transaction.c,1430,nvm_undo at nvmbugs/005_nvm_direct/original_lib/nvm_transaction.c:1763,nvm_undo,nvmbugs/005_nvm_direct/original_lib/nvm_transaction.c,1763,upgrade_br_v1 at nvmbugs/005_nvm_direct/types.h:64,upgrade_br_v1,nvmbugs/005_nvm_direct/types.h,64,nvm_upgrade at nvmbugs/005_nvm_direct/original_lib/nvm_usid.c:727,nvm_upgrade,nvmbugs/005_nvm_direct/original_lib/nvm_usid.c,727,nvm_verify.603 at nvmbugs/005_nvm_direct/lib/nvm_usid.h:685,nvm_verify.603,nvmbugs/005_nvm_direct/lib/nvm_usid.h,685,__klee_posix_wrapped_main at nvmbugs/005_nvm_direct/allocs.c:247,__klee_posix_wrapped_main,nvmbugs/005_nvm_direct/allocs.c,247,__klee_posix_ctor_stub_insert_point at runtime/POSIX/./klee_init_env.c:555,__klee_posix_ctor_stub_insert_point,runtime/POSIX/./klee_init_env.c,555,__user_main at runtime/POSIX/./klee_init_env.c:563,__user_main,runtime/POSIX/./klee_init_env.c,563,__uClibc_main at libc/misc/internals/__uClibc_main.c:401,__uClibc_main,libc/misc/internals/__uClibc_main.c,401,main,main,,0
3062083288584038558,1768351911,flush (unnecessary),116,flush_clwb at nvmbugs/005_nvm_direct/original_lib/pmem.c:374,flush_clwb,nvmbugs/005_nvm_direct/original_lib/pmem.c,374,pmem_flush at nvmbugs/005_nvm_direct/original_lib/pmem.c:417,pmem_flush,nvmbugs/005_nvm_direct/original_lib/pmem.c,417,nvms_flush at nvmbugs/005_nvm_direct/original_lib/nvms_misc.c:112,nvms_flush,nvmbugs/005_nvm_direct/original_lib/nvms_misc.c,112,nvm_persist at nvmbugs/005_nvm_direct/original_lib/nvm_misc.c:525,nvm_persist,nvmbugs/005_nvm_direct/original_lib/nvm_misc.c,525,nvm_add_oper at nvmbugs/005_nvm_direct/original_lib/nvm_transaction.c:1430,nvm_add_oper,nvmbugs/005_nvm_direct/original_lib/nvm_transaction.c,1430,nvm_undo at nvmbugs/005_nvm_direct/original_lib/nvm_transaction.c:1763,nvm_undo,nvmbugs/005_nvm_direct/original_lib/nvm_transaction.c,1763,nvm_freelist_link at nvmbugs/005_nvm_direct/original_lib/nvm_heap.c:2925,nvm_freelist_link,nvmbugs/005_nvm_direct/original_lib/nvm_heap.c,2925,nvm_free_blk at nvmbugs/005_nvm_direct/original_lib/nvm_heap.c:3454,nvm_free_blk,nvmbugs/005_nvm_direct/original_lib/nvm_heap.c,3454,nvm_free_callback at nvmbugs/005_nvm_direct/original_lib/nvm_heap.c:1964,nvm_free_callback,nvmbugs/005_nvm_direct/original_lib/nvm_heap.c,1964,nvm_commit at nvmbugs/005_nvm_direct/original_lib/nvm_transaction.c:2861,nvm_commit,nvmbugs/005_nvm_direct/original_lib/nvm_transaction.c,2861,nvm_txend at nvmbugs/005_nvm_direct/original_lib/nvm_transaction.c:836,nvm_txend,nvmbugs/005_nvm_direct/original_lib/nvm_transaction.c,836,__klee_posix_wrapped_main at nvmbugs/005_nvm_direct/allocs.c:281,__klee_posix_wrapped_main,nvmbugs/005_nvm_direct/allocs.c,281,__klee_posix_ctor_stub_insert_point at runtime/POSIX/./klee_init_env.c:555,__klee_posix_ctor_stub_insert_point,runtime/POSIX/./klee_init_env.c,555,__user_main at runtime/POSIX/./klee_init_env.c:563,__user_main,runtime/POSIX/./klee_init_env.c,563,__uClibc_main at libc/misc/internals/__uClibc_main.c:401,__uClibc_main,libc/misc/internals/__uClibc_main.c,401,main,main,,0
15505434873722316249,1768333402,flush (unnecessary),116,flush_clwb at nvmbugs/005_nvm_direct/original_lib/pmem.c:374,flush_clwb,nvmbugs/005_nvm_direct/original_lib/pmem.c,374,pmem_flush at nvmbugs/005_nvm_direct/original_lib/pmem.c:417,pmem_flush,nvmbugs/005_nvm_direct/original_lib/pmem.c,417,nvms_flush at nvmbugs/005_nvm_direct/original_lib/nvms_misc.c:112,nvms_flush,nvmbugs/005_nvm_direct/original_lib/nvms_misc.c,112,nvm_persist at nvmbugs/005_nvm_direct/original_lib/nvm_misc.c:525,nvm_persist,nvmbugs/005_nvm_direct/original_lib/nvm_misc.c,525,nvm_add_oper at nvmbugs/005_nvm_direct/original_lib/nvm_transaction.c:1430,nvm_add_oper,nvmbugs/005_nvm_direct/original_lib/nvm_transaction.c,1430,nvm_undo at nvmbugs/005_nvm_direct/original_lib/nvm_transaction.c:1763,nvm_undo,nvmbugs/005_nvm_direct/original_lib/nvm_transaction.c,1763,nvm_freelist_link at nvmbugs/005_nvm_direct/original_lib/nvm_heap.c:2922,nvm_freelist_link,nvmbugs/005_nvm_direct/original_lib/nvm_heap.c,2922,nvm_free_blk at nvmbugs/005_nvm_direct/original_lib/nvm_heap.c:3454,nvm_free_blk,nvmbugs/005_nvm_direct/original_lib/nvm_heap.c,3454,nvm_free_callback at nvmbugs/005_nvm_direct/original_lib/nvm_heap.c:1964,nvm_free_callback,nvmbugs/005_nvm_direct/original_lib/nvm_heap.c,1964,nvm_commit at nvmbugs/005_nvm_direct/original_lib/nvm_transaction.c:2861,nvm_commit,nvmbugs/005_nvm_direct/original_lib/nvm_transaction.c,2861,nvm_txend at nvmbugs/005_nvm_direct/original_lib/nvm_transaction.c:836,nvm_txend,nvmbugs/005_nvm_direct/original_lib/nvm_transaction.c,836,__klee_posix_wrapped_main at nvmbugs/005_nvm_direct/allocs.c:281,__klee_posix_wrapped_main,nvmbugs/005_nvm_direct/allocs.c,281,__klee_posix_ctor_stub_insert_point at runtime/POSIX/./klee_init_env.c:555,__klee_posix_ctor_stub_insert_point,runtime/POSIX/./klee_init_env.c,555,__user_main at runtime/POSIX/./klee_init_env.c:563,__user_main,runtime/POSIX/./klee_init_env.c,563,__uClibc_main at libc/misc/internals/__uClibc_main.c:401,__uClibc_main,libc/misc/internals/__uClibc_main.c,401,main,main,,0
6491475997046542358,1092454965,flush (unnecessary),344,flush_clwb at nvmbugs/005_nvm_direct/original_lib/pmem.c:374,flush_clwb,nvmbugs/005_nvm_direct/original_lib/pmem.c,374,pmem_flush at nvmbugs/005_nvm_direct/original_lib/pmem.c:417,pmem_flush,nvmbugs/005_nvm_direct/original_lib/pmem.c,417,nvms_flush at nvmbugs/005_nvm_direct/original_lib/nvms_misc.c:112,nvms_flush,nvmbugs/005_nvm_direct/original_lib/nvms_misc.c,112,nvm_persist at nvmbugs/005_nvm_direct/original_lib/nvm_misc.c:525,nvm_persist,nvmbugs/005_nvm_direct/original_lib/nvm_misc.c,525,nvm_add_oper at nvmbugs/005_nvm_direct/original_lib/nvm_transaction.c:1430,nvm_add_oper,nvmbugs/005_nvm_direct/original_lib/nvm_transaction.c,1430,nvm_undo at nvmbugs/005_nvm_direct/original_lib/nvm_transaction.c:1763,nvm_undo,nvmbugs/005_nvm_direct/original_lib/nvm_transaction.c,1763,nvm_free_callback at nvmbugs/005_nvm_direct/original_lib/nvm_heap.c:1946,nvm_free_callback,nvmbugs/005_nvm_direct/original_lib/nvm_heap.c,1946,nvm_commit at nvmbugs/005_nvm_direct/original_lib/nvm_transaction.c:2861,nvm_commit,nvmbugs/005_nvm_direct/original_lib/nvm_transaction.c,2861,nvm_txend at nvmbugs/005_nvm_direct/original_lib/nvm_transaction.c:836,nvm_txend,nvmbugs/005_nvm_direct/original_lib/nvm_transaction.c,836,__klee_posix_wrapped_main at nvmbugs/005_nvm_direct/allocs.c:281,__klee_posix_wrapped_main,nvmbugs/005_nvm_direct/allocs.c,281,__klee_posix_ctor_stub_insert_point at runtime/POSIX/./klee_init_env.c:555,__klee_posix_ctor_stub_insert_point,runtime/POSIX/./klee_init_env.c,555,__user_main at runtime/POSIX/./klee_init_env.c:563,__user_main,runtime/POSIX/./klee_init_env.c,563,__uClibc_main at libc/misc/internals/__uClibc_main.c:401,__uClibc_main,libc/misc/internals/__uClibc_main.c,401,main,main,,0
6740014747629044197,1092320437,flush (unnecessary),336,flush_clwb at nvmbugs/005_nvm_direct/original_lib/pmem.c:374,flush_clwb,nvmbugs/005_nvm_direct/original_lib/pmem.c,374,pmem_flush at nvmbugs/005_nvm_direct/original_lib/pmem.c:417,pmem_flush,nvmbugs/005_nvm_direct/original_lib/pmem.c,417,nvms_flush at nvmbugs/005_nvm_direct/original_lib/nvms_misc.c:112,nvms_flush,nvmbugs/005_nvm_direct/original_lib/nvms_misc.c,112,nvm_persist at nvmbugs/005_nvm_direct/original_lib/nvm_misc.c:525,nvm_persist,nvmbugs/005_nvm_direct/original_lib/nvm_misc.c,525,nvm_add_oper at nvmbugs/005_nvm_direct/original_lib/nvm_transaction.c:1430,nvm_add_oper,nvmbugs/005_nvm_direct/original_lib/nvm_transaction.c,1430,nvm_undo at nvmbugs/005_nvm_direct/original_lib/nvm_transaction.c:1763,nvm_undo,nvmbugs/005_nvm_direct/original_lib/nvm_transaction.c,1763,nvm_free_callback at nvmbugs/005_nvm_direct/original_lib/nvm_heap.c:1932,nvm_free_callback,nvmbugs/005_nvm_direct/original_lib/nvm_heap.c,1932,nvm_commit at nvmbugs/005_nvm_direct/original_lib/nvm_transaction.c:2861,nvm_commit,nvmbugs/005_nvm_direct/original_lib/nvm_transaction.c,2861,nvm_txend at nvmbugs/005_nvm_direct/original_lib/nvm_transaction.c:836,nvm_txend,nvmbugs/005_nvm_direct/original_lib/nvm_transaction.c,836,__klee_posix_wrapped_main at nvmbugs/005_nvm_direct/allocs.c:281,__klee_posix_wrapped_main,nvmbugs/005_nvm_direct/allocs.c,281,__klee_posix_ctor_stub_insert_point at runtime/POSIX/./klee_init_env.c:555,__klee_posix_ctor_stub_insert_point,runtime/POSIX/./klee_init_env.c,555,__user_main at runtime/POSIX/./klee_init_env.c:563,__user_main,runtime/POSIX/./klee_init_env.c,563,__uClibc_main at libc/misc/internals/__uClibc_main.c:401,__uClibc_main,libc/misc/internals/__uClibc_main.c,401,main,main,,0
10123360593993055312,1092288177,flush (unnecessary),688,flush_clwb at nvmbugs/005_nvm_direct/original_lib/pmem.c:374,flush_clwb,nvmbugs/005_nvm_direct/original_lib/pmem.c,374,pmem_flush at nvmbugs/005_nvm_direct/original_lib/pmem.c:417,pmem_flush,nvmbugs/005_nvm_direct/original_lib/pmem.c,417,nvms_flush at nvmbugs/005_nvm_direct/original_lib/nvms_misc.c:112,nvms_flush,nvmbugs/005_nvm_direct/original_lib/nvms_misc.c,112,nvm_persist at nvmbugs/005_nvm_direct/original_lib/nvm_misc.c:525,nvm_persist,nvmbugs/005_nvm_direct/original_lib/nvm_misc.c,525,nvm_add_oper at nvmbugs/005_nvm_direct/original_lib/nvm_transaction.c:1430,nvm_add_oper,nvmbugs/005_nvm_direct/original_lib/nvm_transaction.c,1430,nvm_undo at nvmbugs/005_nvm_direct/original_lib/nvm_transaction.c:1763,nvm_undo,nvmbugs/005_nvm_direct/original_lib/nvm_transaction.c,1763,nvm_blk_undo at nvmbugs/005_nvm_direct/original_lib/nvm_heap.c:2854,nvm_blk_undo,nvmbugs/005_nvm_direct/original_lib/nvm_heap.c,2854,nvm_free_callback at nvmbugs/005_nvm_direct/original_lib/nvm_heap.c:1924,nvm_free_callback,nvmbugs/005_nvm_direct/original_lib/nvm_heap.c,1924,nvm_commit at nvmbugs/005_nvm_direct/original_lib/nvm_transaction.c:2861,nvm_commit,nvmbugs/005_nvm_direct/original_lib/nvm_transaction.c,2861,nvm_txend at nvmbugs/005_nvm_direct/original_lib/nvm_transaction.c:836,nvm_txend,nvmbugs/005_nvm_direct/original_lib/nvm_transaction.c,836,__klee_posix_wrapped_main at nvmbugs/005_nvm_direct/allocs.c:281,__klee_posix_wrapped_main,nvmbugs/005_nvm_direct/allocs.c,281,__klee_posix_ctor_stub_insert_point at runtime/POSIX/./klee_init_env.c:555,__klee_posix_ctor_stub_insert_point,runtime/POSIX/./klee_init_env.c,555,__user_main at runtime/POSIX/./klee_init_env.c:563,__user_main,runtime/POSIX/./klee_init_env.c,563,__uClibc_main at libc/misc/internals/__uClibc_main.c:401,__uClibc_main,libc/misc/internals/__uClibc_main.c,401,main,main,,0
13069404707982882503,1092045911,flush (unnecessary),344,flush_clwb at nvmbugs/005_nvm_direct/original_lib/pmem.c:374,flush_clwb,nvmbugs/005_nvm_direct/original_lib/pmem.c,374,pmem_flush at nvmbugs/005_nvm_direct/original_lib/pmem.c:417,pmem_flush,nvmbugs/005_nvm_direct/original_lib/pmem.c,417,nvms_flush at nvmbugs/005_nvm_direct/original_lib/nvms_misc.c:112,nvms_flush,nvmbugs/005_nvm_direct/original_lib/nvms_misc.c,112,nvm_persist at nvmbugs/005_nvm_direct/original_lib/nvm_misc.c:525,nvm_persist,nvmbugs/005_nvm_direct/original_lib/nvm_misc.c,525,nvm_add_oper at nvmbugs/005_nvm_direct/original_lib/nvm_transaction.c:1430,nvm_add_oper,nvmbugs/005_nvm_direct/original_lib/nvm_transaction.c,1430,nvm_undo at nvmbugs/005_nvm_direct/original_lib/nvm_transaction.c:1763,nvm_undo,nvmbugs/005_nvm_direct/original_lib/nvm_transaction.c,1763,nvm_blk_undo at nvmbugs/005_nvm_direct/original_lib/nvm_heap.c:2853,nvm_blk_undo,nvmbugs/005_nvm_direct/original_lib/nvm_heap.c,2853,nvm_free_callback at nvmbugs/005_nvm_direct/original_lib/nvm_heap.c:1924,nvm_free_callback,nvmbugs/005_nvm_direct/original_lib/nvm_heap.c,1924,nvm_commit at nvmbugs/005_nvm_direct/original_lib/nvm_transaction.c:2861,nvm_commit,nvmbugs/005_nvm_direct/original_lib/nvm_transaction.c,2861,nvm_txend at nvmbugs/005_nvm_direct/original_lib/nvm_transaction.c:836,nvm_txend,nvmbugs/005_nvm_direct/original_lib/nvm_transaction.c,836,__klee_posix_wrapped_main at nvmbugs/005_nvm_direct/allocs.c:281,__klee_posix_wrapped_main,nvmbugs/005_nvm_direct/allocs.c,281,__klee_posix_ctor_stub_insert_point at runtime/POSIX/./klee_init_env.c:555,__klee_posix_ctor_stub_insert_point,runtime/POSIX/./klee_init_env.c,555,__user_main at runtime/POSIX/./klee_init_env.c:563,__user_main,runtime/POSIX/./klee_init_env.c,563,__uClibc_main at libc/misc/internals/__uClibc_main.c:401,__uClibc_main,libc/misc/internals/__uClibc_main.c,401,main,main,,0
13858670556256048113,1091966419,flush (unnecessary),344,flush_clwb at nvmbugs/005_nvm_direct/original_lib/pmem.c:374,flush_clwb,nvmbugs/005_nvm_direct/original_lib/pmem.c,374,pmem_flush at nvmbugs/005_nvm_direct/original_lib/pmem.c:417,pmem_flush,nvmbugs/005_nvm_direct/original_lib/pmem.c,417,nvms_flush at nvmbugs/005_nvm_direct/original_lib/nvms_misc.c:112,nvms_flush,nvmbugs/005_nvm_direct/original_lib/nvms_misc.c,112,nvm_persist at nvmbugs/005_nvm_direct/original_lib/nvm_misc.c:525,nvm_persist,nvmbugs/005_nvm_direct/original_lib/nvm_misc.c,525,nvm_add_oper at nvmbugs/005_nvm_direct/original_lib/nvm_transaction.c:1430,nvm_add_oper,nvmbugs/005_nvm_direct/original_lib/nvm_transaction.c,1430,nvm_undo at nvmbugs/005_nvm_direct/original_lib/nvm_transaction.c:1763,nvm_undo,nvmbugs/005_nvm_direct/original_lib/nvm_transaction.c,1763,nvm_free_callback at nvmbugs/005_nvm_direct/original_lib/nvm_heap.c:1916,nvm_free_callback,nvmbugs/005_nvm_direct/original_lib/nvm_heap.c,1916,nvm_commit at nvmbugs/005_nvm_direct/original_lib/nvm_transaction.c:2861,nvm_commit,nvmbugs/005_nvm_direct/original_lib/nvm_transaction.c,2861,nvm_txend at nvmbugs/005_nvm_direct/original_lib/nvm_transaction.c:836,nvm_txend,nvmbugs/005_nvm_direct/original_lib/nvm_transaction.c,836,__klee_posix_wrapped_main at nvmbugs/005_nvm_direct/allocs.c:281,__klee_posix_wrapped_main,nvmbugs/005_nvm_direct/allocs.c,281,__klee_posix_ctor_stub_insert_point at runtime/POSIX/./klee_init_env.c:555,__klee_posix_ctor_stub_insert_point,runtime/POSIX/./klee_init_env.c,555,__user_main at runtime/POSIX/./klee_init_env.c:563,__user_main,runtime/POSIX/./klee_init_env.c,563,__uClibc_main at libc/misc/internals/__uClibc_main.c:401,__uClibc_main,libc/misc/internals/__uClibc_main.c,401,main,main,,0
10813940088657910314,1091924672,flush (unnecessary),344,flush_clwb at nvmbugs/005_nvm_direct/original_lib/pmem.c:374,flush_clwb,nvmbugs/005_nvm_direct/original_lib/pmem.c,374,pmem_flush at nvmbugs/005_nvm_direct/original_lib/pmem.c:417,pmem_flush,nvmbugs/005_nvm_direct/original_lib/pmem.c,417,nvms_flush at nvmbugs/005_nvm_direct/original_lib/nvms_misc.c:112,nvms_flush,nvmbugs/005_nvm_direct/original_lib/nvms_misc.c,112,nvm_persist at nvmbugs/005_nvm_direct/original_lib/nvm_misc.c:525,nvm_persist,nvmbugs/005_nvm_direct/original_lib/nvm_misc.c,525,nvm_add_oper at nvmbugs/005_nvm_direct/original_lib/nvm_transaction.c:1430,nvm_add_oper,nvmbugs/005_nvm_direct/original_lib/nvm_transaction.c,1430,nvm_undo at nvmbugs/005_nvm_direct/original_lib/nvm_transaction.c:1763,nvm_undo,nvmbugs/005_nvm_direct/original_lib/nvm_transaction.c,1763,nvm_commit at nvmbugs/005_nvm_direct/original_lib/nvm_transaction.c:2856,nvm_commit,nvmbugs/005_nvm_direct/original_lib/nvm_transaction.c,2856,nvm_txend at nvmbugs/005_nvm_direct/original_lib/nvm_transaction.c:836,nvm_txend,nvmbugs/005_nvm_direct/original_lib/nvm_transaction.c,836,__klee_posix_wrapped_main at nvmbugs/005_nvm_direct/allocs.c:281,__klee_posix_wrapped_main,nvmbugs/005_nvm_direct/allocs.c,281,__klee_posix_ctor_stub_insert_point at runtime/POSIX/./klee_init_env.c:555,__klee_posix_ctor_stub_insert_point,runtime/POSIX/./klee_init_env.c,555,__user_main at runtime/POSIX/./klee_init_env.c:563,__user_main,runtime/POSIX/./klee_init_env.c,563,__uClibc_main at libc/misc/internals/__uClibc_main.c:401,__uClibc_main,libc/misc/internals/__uClibc_main.c,401,main,main,,0
17505573811967540,1089884266,flush (unnecessary),344,flush_clwb at nvmbugs/005_nvm_direct/original_lib/pmem.c:374,flush_clwb,nvmbugs/005_nvm_direct/original_lib/pmem.c,374,pmem_flush at nvmbugs/005_nvm_direct/original_lib/pmem.c:417,pmem_flush,nvmbugs/005_nvm_direct/original_lib/pmem.c,417,nvms_flush at nvmbugs/005_nvm_direct/original_lib/nvms_misc.c:112,nvms_flush,nvmbugs/005_nvm_direct/original_lib/nvms_misc.c,112,nvm_persist at nvmbugs/005_nvm_direct/original_lib/nvm_misc.c:525,nvm_persist,nvmbugs/005_nvm_direct/original_lib/nvm_misc.c,525,nvm_add_oper at nvmbugs/005_nvm_direct/original_lib/nvm_transaction.c:1430,nvm_add_oper,nvmbugs/005_nvm_direct/original_lib/nvm_transaction.c,1430,nvm_undo at nvmbugs/005_nvm_direct/original_lib/nvm_transaction.c:1763,nvm_undo,nvmbugs/005_nvm_direct/original_lib/nvm_transaction.c,1763,branch_txset at nvmbugs/005_nvm_direct/types.h:34,branch_txset,nvmbugs/005_nvm_direct/types.h,34,__klee_posix_wrapped_main at nvmbugs/005_nvm_direct/allocs.c:253,__klee_posix_wrapped_main,nvmbugs/005_nvm_direct/allocs.c,253,__klee_posix_ctor_stub_insert_point at runtime/POSIX/./klee_init_env.c:555,__klee_posix_ctor_stub_insert_point,runtime/POSIX/./klee_init_env.c,555,__user_main at runtime/POSIX/./klee_init_env.c:563,__user_main,runtime/POSIX/./klee_init_env.c,563,__uClibc_main at libc/misc/internals/__uClibc_main.c:401,__uClibc_main,libc/misc/internals/__uClibc_main.c,401,main,main,,0
13814587308489780039,1089622708,flush (unnecessary),344,flush_clwb at nvmbugs/005_nvm_direct/original_lib/pmem.c:374,flush_clwb,nvmbugs/005_nvm_direct/original_lib/pmem.c,374,pmem_flush at nvmbugs/005_nvm_direct/original_lib/pmem.c:417,pmem_flush,nvmbugs/005_nvm_direct/original_lib/pmem.c,417,nvms_flush at nvmbugs/005_nvm_direct/original_lib/nvms_misc.c:112,nvms_flush,nvmbugs/005_nvm_direct/original_lib/nvms_misc.c,112,nvm_persist at nvmbugs/005_nvm_direct/original_lib/nvm_misc.c:525,nvm_persist,nvmbugs/005_nvm_direct/original_lib/nvm_misc.c,525,nvm_add_oper at nvmbugs/005_nvm_direct/original_lib/nvm_transaction.c:1430,nvm_add_oper,nvmbugs/005_nvm_direct/original_lib/nvm_transaction.c,1430,nvm_oncommit at nvmbugs/005_nvm_direct/original_lib/nvm_transaction.c:2250,nvm_oncommit,nvmbugs/005_nvm_direct/original_lib/nvm_transaction.c,2250,nvm_free at nvmbugs/005_nvm_direct/original_lib/nvm_heap.c:1799,nvm_free,nvmbugs/005_nvm_direct/original_lib/nvm_heap.c,1799,__klee_posix_wrapped_main at nvmbugs/005_nvm_direct/allocs.c:252,__klee_posix_wrapped_main,nvmbugs/005_nvm_direct/allocs.c,252,__klee_posix_ctor_stub_insert_point at runtime/POSIX/./klee_init_env.c:555,__klee_posix_ctor_stub_insert_point,runtime/POSIX/./klee_init_env.c,555,__user_main at runtime/POSIX/./klee_init_env.c:563,__user_main,runtime/POSIX/./klee_init_env.c,563,__uClibc_main at libc/misc/internals/__uClibc_main.c:401,__uClibc_main,libc/misc/internals/__uClibc_main.c,401,main,main,,0
16619358399780336059,1076554029,flush (unnecessary),488,flush_clwb at nvmbugs/005_nvm_direct/original_lib/pmem.c:374,flush_clwb,nvmbugs/005_nvm_direct/original_lib/pmem.c,374,pmem_flush at nvmbugs/005_nvm_direct/original_lib/pmem.c:417,pmem_flush,nvmbugs/005_nvm_direct/original_lib/pmem.c,417,nvms_flush at nvmbugs/005_nvm_direct/original_lib/nvms_misc.c:112,nvms_flush,nvmbugs/005_nvm_direct/original_lib/nvms_misc.c,112,nvm_persist at nvmbugs/005_nvm_direct/original_lib/nvm_misc.c:525,nvm_persist,nvmbugs/005_nvm_direct/original_lib/nvm_misc.c,525,nvm_add_oper at nvmbugs/005_nvm_direct/original_lib/nvm_transaction.c:1430,nvm_add_oper,nvmbugs/005_nvm_direct/original_lib/nvm_transaction.c,1430,nvm_undo at nvmbugs/005_nvm_direct/original_lib/nvm_transaction.c:1763,nvm_undo,nvmbugs/005_nvm_direct/original_lib/nvm_transaction.c,1763,nvm_alloc at nvmbugs/005_nvm_direct/original_lib/nvm_heap.c:1668,nvm_alloc,nvmbugs/005_nvm_direct/original_lib/nvm_heap.c,1668,__klee_posix_wrapped_main at nvmbugs/005_nvm_direct/allocs.c:272,__klee_posix_wrapped_main,nvmbugs/005_nvm_direct/allocs.c,272,__klee_posix_ctor_stub_insert_point at runtime/POSIX/./klee_init_env.c:555,__klee_posix_ctor_stub_insert_point,runtime/POSIX/./klee_init_env.c,555,__user_main at runtime/POSIX/./klee_init_env.c:563,__user_main,runtime/POSIX/./klee_init_env.c,563,__uClibc_main at libc/misc/internals/__uClibc_main.c:401,__uClibc_main,libc/misc/internals/__uClibc_main.c,401,main,main,,0
1014019014101159778,1847489054,flush (unnecessary),12,flush_clwb at nvmbugs/005_nvm_direct/original_lib/pmem.c:374,flush_clwb,nvmbugs/005_nvm_direct/original_lib/pmem.c,374,pmem_flush at nvmbugs/005_nvm_direct/original_lib/pmem.c:417,pmem_flush,nvmbugs/005_nvm_direct/original_lib/pmem.c,417,nvms_flush at nvmbugs/005_nvm_direct/original_lib/nvms_misc.c:112,nvms_flush,nvmbugs/005_nvm_direct/original_lib/nvms_misc.c,112,nvm_persist at nvmbugs/005_nvm_direct/original_lib/nvm_misc.c:525,nvm_persist,nvmbugs/005_nvm_direct/original_lib/nvm_misc.c,525,nvm_add_oper at nvmbugs/005_nvm_direct/original_lib/nvm_transaction.c:1430,nvm_add_oper,nvmbugs/005_nvm_direct/original_lib/nvm_transaction.c,1430,nvm_undo at nvmbugs/005_nvm_direct/original_lib/nvm_transaction.c:1763,nvm_undo,nvmbugs/005_nvm_direct/original_lib/nvm_transaction.c,1763,nvm_freelist_unlink at nvmbugs/005_nvm_direct/original_lib/nvm_heap.c:3037,nvm_freelist_unlink,nvmbugs/005_nvm_direct/original_lib/nvm_heap.c,3037,nvm_alloc_blk at nvmbugs/005_nvm_direct/original_lib/nvm_heap.c:3280,nvm_alloc_blk,nvmbugs/005_nvm_direct/original_lib/nvm_heap.c,3280,nvm_alloc at nvmbugs/005_nvm_direct/original_lib/nvm_heap.c:1631,nvm_alloc,nvmbugs/005_nvm_direct/original_lib/nvm_heap.c,1631,__klee_posix_wrapped_main at nvmbugs/005_nvm_direct/allocs.c:272,__klee_posix_wrapped_main,nvmbugs/005_nvm_direct/allocs.c,272,__klee_posix_ctor_stub_insert_point at runtime/POSIX/./klee_init_env.c:555,__klee_posix_ctor_stub_insert_point,runtime/POSIX/./klee_init_env.c,555,__user_main at runtime/POSIX/./klee_init_env.c:563,__user_main,runtime/POSIX/./klee_init_env.c,563,__uClibc_main at libc/misc/internals/__uClibc_main.c:401,__uClibc_main,libc/misc/internals/__uClibc_main.c,401,main,main,,0
1233315971094379415,1075622950,fence (unnecessary),504,predrain_fence_sfence at nvmbugs/005_nvm_direct/original_lib/pmem.c:279,predrain_fence_sfence,nvmbugs/005_nvm_direct/original_lib/pmem.c,279,drain_no_pcommit at nvmbugs/005_nvm_direct/original_lib/pmem.c:299,drain_no_pcommit,nvmbugs/005_nvm_direct/original_lib/pmem.c,299,pmem_drain at nvmbugs/005_nvm_direct/original_lib/pmem.c:336,pmem_drain,nvmbugs/005_nvm_direct/original_lib/pmem.c,336,nvms_persist at nvmbugs/005_nvm_direct/original_lib/nvms_misc.c:125,nvms_persist,nvmbugs/005_nvm_direct/original_lib/nvms_misc.c,125,nvm_persist at nvmbugs/005_nvm_direct/original_lib/nvm_misc.c:533,nvm_persist,nvmbugs/005_nvm_direct/original_lib/nvm_misc.c,533,nvm_txend at nvmbugs/005_nvm_direct/original_lib/nvm_transaction.c:873,nvm_txend,nvmbugs/005_nvm_direct/original_lib/nvm_transaction.c,873,__klee_posix_wrapped_main at nvmbugs/005_nvm_direct/allocs.c:281,__klee_posix_wrapped_main,nvmbugs/005_nvm_direct/allocs.c,281,__klee_posix_ctor_stub_insert_point at runtime/POSIX/./klee_init_env.c:555,__klee_posix_ctor_stub_insert_point,runtime/POSIX/./klee_init_env.c,555,__user_main at runtime/POSIX/./klee_init_env.c:563,__user_main,runtime/POSIX/./klee_init_env.c,563,__uClibc_main at libc/misc/internals/__uClibc_main.c:401,__uClibc_main,libc/misc/internals/__uClibc_main.c,401,main,main,,0
11830182765912397801,1075482405,flush (unnecessary),508,flush_clwb at nvmbugs/005_nvm_direct/original_lib/pmem.c:374,flush_clwb,nvmbugs/005_nvm_direct/original_lib/pmem.c,374,pmem_flush at nvmbugs/005_nvm_direct/original_lib/pmem.c:417,pmem_flush,nvmbugs/005_nvm_direct/original_lib/pmem.c,417,nvms_flush at nvmbugs/005_nvm_direct/original_lib/nvms_misc.c:112,nvms_flush,nvmbugs/005_nvm_direct/original_lib/nvms_misc.c,112,nvm_persist at nvmbugs/005_nvm_direct/original_lib/nvm_misc.c:525,nvm_persist,nvmbugs/005_nvm_direct/original_lib/nvm_misc.c,525,nvm_add_oper at nvmbugs/005_nvm_direct/original_lib/nvm_transaction.c:1430,nvm_add_oper,nvmbugs/005_nvm_direct/original_lib/nvm_transaction.c,1430,nvm_undo at nvmbugs/005_nvm_direct/original_lib/nvm_transaction.c:1763,nvm_undo,nvmbugs/005_nvm_direct/original_lib/nvm_transaction.c,1763,nvm_alloc at nvmbugs/005_nvm_direct/original_lib/nvm_heap.c:1662,nvm_alloc,nvmbugs/005_nvm_direct/original_lib/nvm_heap.c,1662,__klee_posix_wrapped_main at nvmbugs/005_nvm_direct/allocs.c:272,__klee_posix_wrapped_main,nvmbugs/005_nvm_direct/allocs.c,272,__klee_posix_ctor_stub_insert_point at runtime/POSIX/./klee_init_env.c:555,__klee_posix_ctor_stub_insert_point,runtime/POSIX/./klee_init_env.c,555,__user_main at runtime/POSIX/./klee_init_env.c:563,__user_main,runtime/POSIX/./klee_init_env.c,563,__uClibc_main at libc/misc/internals/__uClibc_main.c:401,__uClibc_main,libc/misc/internals/__uClibc_main.c,401,main,main,,0
1865699293325299069,1075449191,flush (unnecessary),504,flush_clwb at nvmbugs/005_nvm_direct/original_lib/pmem.c:374,flush_clwb,nvmbugs/005_nvm_direct/original_lib/pmem.c,374,pmem_flush at nvmbugs/005_nvm_direct/original_lib/pmem.c:417,pmem_flush,nvmbugs/005_nvm_direct/original_lib/pmem.c,417,nvms_flush at nvmbugs/005_nvm_direct/original_lib/nvms_misc.c:112,nvms_flush,nvmbugs/005_nvm_direct/original_lib/nvms_misc.c,112,nvm_persist at nvmbugs/005_nvm_direct/original_lib/nvm_misc.c:525,nvm_persist,nvmbugs/005_nvm_direct/original_lib/nvm_misc.c,525,nvm_add_oper at nvmbugs/005_nvm_direct/original_lib/nvm_transaction.c:1430,nvm_add_oper,nvmbugs/005_nvm_direct/original_lib/nvm_transaction.c,1430,nvm_undo at nvmbugs/005_nvm_direct/original_lib/nvm_transaction.c:1763,nvm_undo,nvmbugs/005_nvm_direct/original_lib/nvm_transaction.c,1763,nvm_alloc at nvmbugs/005_nvm_direct/original_lib/nvm_heap.c:1650,nvm_alloc,nvmbugs/005_nvm_direct/original_lib/nvm_heap.c,1650,__klee_posix_wrapped_main at nvmbugs/005_nvm_direct/allocs.c:272,__klee_posix_wrapped_main,nvmbugs/005_nvm_direct/allocs.c,272,__klee_posix_ctor_stub_insert_point at runtime/POSIX/./klee_init_env.c:555,__klee_posix_ctor_stub_insert_point,runtime/POSIX/./klee_init_env.c,555,__user_main at runtime/POSIX/./klee_init_env.c:563,__user_main,runtime/POSIX/./klee_init_env.c,563,__uClibc_main at libc/misc/internals/__uClibc_main.c:401,__uClibc_main,libc/misc/internals/__uClibc_main.c,401,main,main,,0
7718400865504648252,1075420283,flush (unnecessary),504,flush_clwb at nvmbugs/005_nvm_direct/original_lib/pmem.c:374,flush_clwb,nvmbugs/005_nvm_direct/original_lib/pmem.c,374,pmem_flush at nvmbugs/005_nvm_direct/original_lib/pmem.c:417,pmem_flush,nvmbugs/005_nvm_direct/original_lib/pmem.c,417,nvms_flush at nvmbugs/005_nvm_direct/original_lib/nvms_misc.c:112,nvms_flush,nvmbugs/005_nvm_direct/original_lib/nvms_misc.c,112,nvm_persist at nvmbugs/005_nvm_direct/original_lib/nvm_misc.c:525,nvm_persist,nvmbugs/005_nvm_direct/original_lib/nvm_misc.c,525,nvm_add_oper at nvmbugs/005_nvm_direct/original_lib/nvm_transaction.c:1430,nvm_add_oper,nvmbugs/005_nvm_direct/original_lib/nvm_transaction.c,1430,nvm_undo at nvmbugs/005_nvm_direct/original_lib/nvm_transaction.c:1763,nvm_undo,nvmbugs/005_nvm_direct/original_lib/nvm_transaction.c,1763,nvm_alloc at nvmbugs/005_nvm_direct/original_lib/nvm_heap.c:1643,nvm_alloc,nvmbugs/005_nvm_direct/original_lib/nvm_heap.c,1643,__klee_posix_wrapped_main at nvmbugs/005_nvm_direct/allocs.c:272,__klee_posix_wrapped_main,nvmbugs/005_nvm_direct/allocs.c,272,__klee_posix_ctor_stub_insert_point at runtime/POSIX/./klee_init_env.c:555,__klee_posix_ctor_stub_insert_point,runtime/POSIX/./klee_init_env.c,555,__user_main at runtime/POSIX/./klee_init_env.c:563,__user_main,runtime/POSIX/./klee_init_env.c,563,__uClibc_main at libc/misc/internals/__uClibc_main.c:401,__uClibc_main,libc/misc/internals/__uClibc_main.c,401,main,main,,0
3527565230043319499,1075387399,flush (unnecessary),436,flush_clwb at nvmbugs/005_nvm_direct/original_lib/pmem.c:374,flush_clwb,nvmbugs/005_nvm_direct/original_lib/pmem.c,374,pmem_flush at nvmbugs/005_nvm_direct/original_lib/pmem.c:417,pmem_flush,nvmbugs/005_nvm_direct/original_lib/pmem.c,417,nvms_flush at nvmbugs/005_nvm_direct/original_lib/nvms_misc.c:112,nvms_flush,nvmbugs/005_nvm_direct/original_lib/nvms_misc.c,112,nvm_persist at nvmbugs/005_nvm_direct/original_lib/nvm_misc.c:525,nvm_persist,nvmbugs/005_nvm_direct/original_lib/nvm_misc.c,525,nvm_add_oper at nvmbugs/005_nvm_direct/original_lib/nvm_transaction.c:1430,nvm_add_oper,nvmbugs/005_nvm_direct/original_lib/nvm_transaction.c,1430,nvm_undo at nvmbugs/005_nvm_direct/original_lib/nvm_transaction.c:1763,nvm_undo,nvmbugs/005_nvm_direct/original_lib/nvm_transaction.c,1763,nvm_freelist_link at nvmbugs/005_nvm_direct/original_lib/nvm_heap.c:2934,nvm_freelist_link,nvmbugs/005_nvm_direct/original_lib/nvm_heap.c,2934,nvm_alloc_blk at nvmbugs/005_nvm_direct/original_lib/nvm_heap.c:3312,nvm_alloc_blk,nvmbugs/005_nvm_direct/original_lib/nvm_heap.c,3312,nvm_alloc at nvmbugs/005_nvm_direct/original_lib/nvm_heap.c:1631,nvm_alloc,nvmbugs/005_nvm_direct/original_lib/nvm_heap.c,1631,__klee_posix_wrapped_main at nvmbugs/005_nvm_direct/allocs.c:272,__klee_posix_wrapped_main,nvmbugs/005_nvm_direct/allocs.c,272,__klee_posix_ctor_stub_insert_point at runtime/POSIX/./klee_init_env.c:555,__klee_posix_ctor_stub_insert_point,runtime/POSIX/./klee_init_env.c,555,__user_main at runtime/POSIX/./klee_init_env.c:563,__user_main,runtime/POSIX/./klee_init_env.c,563,__uClibc_main at libc/misc/internals/__uClibc_main.c:401,__uClibc_main,libc/misc/internals/__uClibc_main.c,401,main,main,,0
9085771377021548334,1075356344,flush (unnecessary),224,flush_clwb at nvmbugs/005_nvm_direct/original_lib/pmem.c:374,flush_clwb,nvmbugs/005_nvm_direct/original_lib/pmem.c,374,pmem_flush at nvmbugs/005_nvm_direct/original_lib/pmem.c:417,pmem_flush,nvmbugs/005_nvm_direct/original_lib/pmem.c,417,nvms_flush at nvmbugs/005_nvm_direct/original_lib/nvms_misc.c:112,nvms_flush,nvmbugs/005_nvm_direct/original_lib/nvms_misc.c,112,nvm_persist at nvmbugs/005_nvm_direct/original_lib/nvm_misc.c:525,nvm_persist,nvmbugs/005_nvm_direct/original_lib/nvm_misc.c,525,nvm_add_oper at nvmbugs/005_nvm_direct/original_lib/nvm_transaction.c:1430,nvm_add_oper,nvmbugs/005_nvm_direct/original_lib/nvm_transaction.c,1430,nvm_undo at nvmbugs/005_nvm_direct/original_lib/nvm_transaction.c:1763,nvm_undo,nvmbugs/005_nvm_direct/original_lib/nvm_transaction.c,1763,nvm_alloc_blk at nvmbugs/005_nvm_direct/original_lib/nvm_heap.c:3306,nvm_alloc_blk,nvmbugs/005_nvm_direct/original_lib/nvm_heap.c,3306,nvm_alloc at nvmbugs/005_nvm_direct/original_lib/nvm_heap.c:1631,nvm_alloc,nvmbugs/005_nvm_direct/original_lib/nvm_heap.c,1631,__klee_posix_wrapped_main at nvmbugs/005_nvm_direct/allocs.c:272,__klee_posix_wrapped_main,nvmbugs/005_nvm_direct/allocs.c,272,__klee_posix_ctor_stub_insert_point at runtime/POSIX/./klee_init_env.c:555,__klee_posix_ctor_stub_insert_point,runtime/POSIX/./klee_init_env.c,555,__user_main at runtime/POSIX/./klee_init_env.c:563,__user_main,runtime/POSIX/./klee_init_env.c,563,__uClibc_main at libc/misc/internals/__uClibc_main.c:401,__uClibc_main,libc/misc/internals/__uClibc_main.c,401,main,main,,0
16568808522985833490,1075315006,flush (unnecessary),224,flush_clwb at nvmbugs/005_nvm_direct/original_lib/pmem.c:374,flush_clwb,nvmbugs/005_nvm_direct/original_lib/pmem.c,374,pmem_flush at nvmbugs/005_nvm_direct/original_lib/pmem.c:417,pmem_flush,nvmbugs/005_nvm_direct/original_lib/pmem.c,417,nvms_flush at nvmbugs/005_nvm_direct/original_lib/nvms_misc.c:112,nvms_flush,nvmbugs/005_nvm_direct/original_lib/nvms_misc.c,112,nvm_persist at nvmbugs/005_nvm_direct/original_lib/nvm_misc.c:525,nvm_persist,nvmbugs/005_nvm_direct/original_lib/nvm_misc.c,525,nvm_add_oper at nvmbugs/005_nvm_direct/original_lib/nvm_transaction.c:1430,nvm_add_oper,nvmbugs/005_nvm_direct/original_lib/nvm_transaction.c,1430,nvm_undo at nvmbugs/005_nvm_direct/original_lib/nvm_transaction.c:1763,nvm_undo,nvmbugs/005_nvm_direct/original_lib/nvm_transaction.c,1763,nvm_alloc_blk at nvmbugs/005_nvm_direct/original_lib/nvm_heap.c:3295,nvm_alloc_blk,nvmbugs/005_nvm_direct/original_lib/nvm_heap.c,3295,nvm_alloc at nvmbugs/005_nvm_direct/original_lib/nvm_heap.c:1631,nvm_alloc,nvmbugs/005_nvm_direct/original_lib/nvm_heap.c,1631,__klee_posix_wrapped_main at nvmbugs/005_nvm_direct/allocs.c:272,__klee_posix_wrapped_main,nvmbugs/005_nvm_direct/allocs.c,272,__klee_posix_ctor_stub_insert_point at runtime/POSIX/./klee_init_env.c:555,__klee_posix_ctor_stub_insert_point,runtime/POSIX/./klee_init_env.c,555,__user_main at runtime/POSIX/./klee_init_env.c:563,__user_main,runtime/POSIX/./klee_init_env.c,563,__uClibc_main at libc/misc/internals/__uClibc_main.c:401,__uClibc_main,libc/misc/internals/__uClibc_main.c,401,main,main,,0
11410891980392020864,1075311465,flush (unnecessary),224,flush_clwb at nvmbugs/005_nvm_direct/original_lib/pmem.c:374,flush_clwb,nvmbugs/005_nvm_direct/original_lib/pmem.c,374,pmem_flush at nvmbugs/005_nvm_direct/original_lib/pmem.c:417,pmem_flush,nvmbugs/005_nvm_direct/original_lib/pmem.c,417,nvms_flush at nvmbugs/005_nvm_direct/original_lib/nvms_misc.c:112,nvms_flush,nvmbugs/005_nvm_direct/original_lib/nvms_misc.c,112,nvm_flush1 at nvmbugs/005_nvm_direct/original_lib/nvm_misc.c:480,nvm_flush1,nvmbugs/005_nvm_direct/original_lib/nvm_misc.c,480,nvm_add_oper at nvmbugs/005_nvm_direct/original_lib/nvm_transaction.c:1429,nvm_add_oper,nvmbugs/005_nvm_direct/original_lib/nvm_transaction.c,1429,nvm_undo at nvmbugs/005_nvm_direct/original_lib/nvm_transaction.c:1763,nvm_undo,nvmbugs/005_nvm_direct/original_lib/nvm_transaction.c,1763,nvm_alloc_blk at nvmbugs/005_nvm_direct/original_lib/nvm_heap.c:3295,nvm_alloc_blk,nvmbugs/005_nvm_direct/original_lib/nvm_heap.c,3295,nvm_alloc at nvmbugs/005_nvm_direct/original_lib/nvm_heap.c:1631,nvm_alloc,nvmbugs/005_nvm_direct/original_lib/nvm_heap.c,1631,__klee_posix_wrapped_main at nvmbugs/005_nvm_direct/allocs.c:272,__klee_posix_wrapped_main,nvmbugs/005_nvm_direct/allocs.c,272,__klee_posix_ctor_stub_insert_point at runtime/POSIX/./klee_init_env.c:555,__klee_posix_ctor_stub_insert_point,runtime/POSIX/./klee_init_env.c,555,__user_main at runtime/POSIX/./klee_init_env.c:563,__user_main,runtime/POSIX/./klee_init_env.c,563,__uClibc_main at libc/misc/internals/__uClibc_main.c:401,__uClibc_main,libc/misc/internals/__uClibc_main.c,401,main,main,,0
5797003493342138685,1075248614,flush (unnecessary),404,flush_clwb at nvmbugs/005_nvm_direct/original_lib/pmem.c:374,flush_clwb,nvmbugs/005_nvm_direct/original_lib/pmem.c,374,pmem_flush at nvmbugs/005_nvm_direct/original_lib/pmem.c:417,pmem_flush,nvmbugs/005_nvm_direct/original_lib/pmem.c,417,nvms_flush at nvmbugs/005_nvm_direct/original_lib/nvms_misc.c:112,nvms_flush,nvmbugs/005_nvm_direct/original_lib/nvms_misc.c,112,nvm_persist at nvmbugs/005_nvm_direct/original_lib/nvm_misc.c:525,nvm_persist,nvmbugs/005_nvm_direct/original_lib/nvm_misc.c,525,nvm_add_oper at nvmbugs/005_nvm_direct/original_lib/nvm_transaction.c:1430,nvm_add_oper,nvmbugs/005_nvm_direct/original_lib/nvm_transaction.c,1430,nvm_undo at nvmbugs/005_nvm_direct/original_lib/nvm_transaction.c:1763,nvm_undo,nvmbugs/005_nvm_direct/original_lib/nvm_transaction.c,1763,nvm_freelist_unlink at nvmbugs/005_nvm_direct/original_lib/nvm_heap.c:3027,nvm_freelist_unlink,nvmbugs/005_nvm_direct/original_lib/nvm_heap.c,3027,nvm_alloc_blk at nvmbugs/005_nvm_direct/original_lib/nvm_heap.c:3280,nvm_alloc_blk,nvmbugs/005_nvm_direct/original_lib/nvm_heap.c,3280,nvm_alloc at nvmbugs/005_nvm_direct/original_lib/nvm_heap.c:1631,nvm_alloc,nvmbugs/005_nvm_direct/original_lib/nvm_heap.c,1631,__klee_posix_wrapped_main at nvmbugs/005_nvm_direct/allocs.c:272,__klee_posix_wrapped_main,nvmbugs/005_nvm_direct/allocs.c,272,__klee_posix_ctor_stub_insert_point at runtime/POSIX/./klee_init_env.c:555,__klee_posix_ctor_stub_insert_point,runtime/POSIX/./klee_init_env.c,555,__user_main at runtime/POSIX/./klee_init_env.c:563,__user_main,runtime/POSIX/./klee_init_env.c,563,__uClibc_main at libc/misc/internals/__uClibc_main.c:401,__uClibc_main,libc/misc/internals/__uClibc_main.c,401,main,main,,0
7089676642156460400,1075190558,flush (unnecessary),504,flush_clwb at nvmbugs/005_nvm_direct/original_lib/pmem.c:374,flush_clwb,nvmbugs/005_nvm_direct/original_lib/pmem.c,374,pmem_flush at nvmbugs/005_nvm_direct/original_lib/pmem.c:417,pmem_flush,nvmbugs/005_nvm_direct/original_lib/pmem.c,417,nvms_flush at nvmbugs/005_nvm_direct/original_lib/nvms_misc.c:112,nvms_flush,nvmbugs/005_nvm_direct/original_lib/nvms_misc.c,112,nvm_persist at nvmbugs/005_nvm_direct/original_lib/nvm_misc.c:525,nvm_persist,nvmbugs/005_nvm_direct/original_lib/nvm_misc.c,525,nvm_add_oper at nvmbugs/005_nvm_direct/original_lib/nvm_transaction.c:1430,nvm_add_oper,nvmbugs/005_nvm_direct/original_lib/nvm_transaction.c,1430,nvm_undo at nvmbugs/005_nvm_direct/original_lib/nvm_transaction.c:1763,nvm_undo,nvmbugs/005_nvm_direct/original_lib/nvm_transaction.c,1763,nvm_blk_undo at nvmbugs/005_nvm_direct/original_lib/nvm_heap.c:2853,nvm_blk_undo,nvmbugs/005_nvm_direct/original_lib/nvm_heap.c,2853,nvm_alloc_blk at nvmbugs/005_nvm_direct/original_lib/nvm_heap.c:3275,nvm_alloc_blk,nvmbugs/005_nvm_direct/original_lib/nvm_heap.c,3275,nvm_alloc at nvmbugs/005_nvm_direct/original_lib/nvm_heap.c:1631,nvm_alloc,nvmbugs/005_nvm_direct/original_lib/nvm_heap.c,1631,__klee_posix_wrapped_main at nvmbugs/005_nvm_direct/allocs.c:272,__klee_posix_wrapped_main,nvmbugs/005_nvm_direct/allocs.c,272,__klee_posix_ctor_stub_insert_point at runtime/POSIX/./klee_init_env.c:555,__klee_posix_ctor_stub_insert_point,runtime/POSIX/./klee_init_env.c,555,__user_main at runtime/POSIX/./klee_init_env.c:563,__user_main,runtime/POSIX/./klee_init_env.c,563,__uClibc_main at libc/misc/internals/__uClibc_main.c:401,__uClibc_main,libc/misc/internals/__uClibc_main.c,401,main,main,,0
10124058708437792406,1092608150,flush (unnecessary),228,flush_clwb at nvmbugs/005_nvm_direct/original_lib/pmem.c:374,flush_clwb,nvmbugs/005_nvm_direct/original_lib/pmem.c,374,pmem_flush at nvmbugs/005_nvm_direct/original_lib/pmem.c:417,pmem_flush,nvmbugs/005_nvm_direct/original_lib/pmem.c,417,nvms_flush at nvmbugs/005_nvm_direct/original_lib/nvms_misc.c:112,nvms_flush,nvmbugs/005_nvm_direct/original_lib/nvms_misc.c,112,nvm_persist at nvmbugs/005_nvm_direct/original_lib/nvm_misc.c:525,nvm_persist,nvmbugs/005_nvm_direct/original_lib/nvm_misc.c,525,nvm_add_oper at nvmbugs/005_nvm_direct/original_lib/nvm_transaction.c:1430,nvm_add_oper,nvmbugs/005_nvm_direct/original_lib/nvm_transaction.c,1430,nvm_undo at nvmbugs/005_nvm_direct/original_lib/nvm_transaction.c:1763,nvm_undo,nvmbugs/005_nvm_direct/original_lib/nvm_transaction.c,1763,nvm_freelist_link at nvmbugs/005_nvm_direct/original_lib/nvm_heap.c:2934,nvm_freelist_link,nvmbugs/005_nvm_direct/original_lib/nvm_heap.c,2934,nvm_free_blk at nvmbugs/005_nvm_direct/original_lib/nvm_heap.c:3454,nvm_free_blk,nvmbugs/005_nvm_direct/original_lib/nvm_heap.c,3454,nvm_free_callback at nvmbugs/005_nvm_direct/original_lib/nvm_heap.c:1964,nvm_free_callback,nvmbugs/005_nvm_direct/original_lib/nvm_heap.c,1964,nvm_commit at nvmbugs/005_nvm_direct/original_lib/nvm_transaction.c:2861,nvm_commit,nvmbugs/005_nvm_direct/original_lib/nvm_transaction.c,2861,nvm_txend at nvmbugs/005_nvm_direct/original_lib/nvm_transaction.c:836,nvm_txend,nvmbugs/005_nvm_direct/original_lib/nvm_transaction.c,836,__klee_posix_wrapped_main at nvmbugs/005_nvm_direct/allocs.c:281,__klee_posix_wrapped_main,nvmbugs/005_nvm_direct/allocs.c,281,__klee_posix_ctor_stub_insert_point at runtime/POSIX/./klee_init_env.c:555,__klee_posix_ctor_stub_insert_point,runtime/POSIX/./klee_init_env.c,555,__user_main at runtime/POSIX/./klee_init_env.c:563,__user_main,runtime/POSIX/./klee_init_env.c,563,__uClibc_main at libc/misc/internals/__uClibc_main.c:401,__uClibc_main,libc/misc/internals/__uClibc_main.c,401,main,main,,0
8788875422927155340,1075015262,flush (unnecessary),504,flush_clwb at nvmbugs/005_nvm_direct/original_lib/pmem.c:374,flush_clwb,nvmbugs/005_nvm_direct/original_lib/pmem.c,374,pmem_flush at nvmbugs/005_nvm_direct/original_lib/pmem.c:417,pmem_flush,nvmbugs/005_nvm_direct/original_lib/pmem.c,417,nvms_flush at nvmbugs/005_nvm_direct/original_lib/nvms_misc.c:112,nvms_flush,nvmbugs/005_nvm_direct/original_lib/nvms_misc.c,112,nvm_persist at nvmbugs/005_nvm_direct/original_lib/nvm_misc.c:525,nvm_persist,nvmbugs/005_nvm_direct/original_lib/nvm_misc.c,525,nvm_txbegin at nvmbugs/005_nvm_direct/original_lib/nvm_transaction.c:545,nvm_txbegin,nvmbugs/005_nvm_direct/original_lib/nvm_transaction.c,545,__klee_posix_wrapped_main at nvmbugs/005_nvm_direct/allocs.c:242,__klee_posix_wrapped_main,nvmbugs/005_nvm_direct/allocs.c,242,__klee_posix_ctor_stub_insert_point at runtime/POSIX/./klee_init_env.c:555,__klee_posix_ctor_stub_insert_point,runtime/POSIX/./klee_init_env.c,555,__user_main at runtime/POSIX/./klee_init_env.c:563,__user_main,runtime/POSIX/./klee_init_env.c,563,__uClibc_main at libc/misc/internals/__uClibc_main.c:401,__uClibc_main,libc/misc/internals/__uClibc_main.c,401,main,main,,0
3477136138756110671,506761112,write (unpersisted),170,nvm_blk_set at nvmbugs/005_nvm_direct/original_lib/nvm_heap0.h:89,nvm_blk_set,nvmbugs/005_nvm_direct/original_lib/nvm_heap0.h,89,nvm_freelist_link at nvmbugs/005_nvm_direct/original_lib/nvm_heap.c:2936,nvm_freelist_link,nvmbugs/005_nvm_direct/original_lib/nvm_heap.c,2936,nvm_resize_heap at nvmbugs/005_nvm_direct/original_lib/nvm_heap.c:1024,nvm_resize_heap,nvmbugs/005_nvm_direct/original_lib/nvm_heap.c,1024,__klee_posix_wrapped_main at nvmbugs/005_nvm_direct/allocs.c:231,__klee_posix_wrapped_main,nvmbugs/005_nvm_direct/allocs.c,231,__klee_posix_ctor_stub_insert_point at runtime/POSIX/./klee_init_env.c:555,__klee_posix_ctor_stub_insert_point,runtime/POSIX/./klee_init_env.c,555,__user_main at runtime/POSIX/./klee_init_env.c:563,__user_main,runtime/POSIX/./klee_init_env.c,563,__uClibc_main at libc/misc/internals/__uClibc_main.c:401,__uClibc_main,libc/misc/internals/__uClibc_main.c,401,main,main,,0
13862751598198421985,257598728,flush (unnecessary),43,flush_clwb at nvmbugs/005_nvm_direct/original_lib/pmem.c:374,flush_clwb,nvmbugs/005_nvm_direct/original_lib/pmem.c,374,pmem_flush at nvmbugs/005_nvm_direct/original_lib/pmem.c:417,pmem_flush,nvmbugs/005_nvm_direct/original_lib/pmem.c,417,nvms_flush at nvmbugs/005_nvm_direct/original_lib/nvms_misc.c:112,nvms_flush,nvmbugs/005_nvm_direct/original_lib/nvms_misc.c,112,nvm_persist at nvmbugs/005_nvm_direct/original_lib/nvm_misc.c:525,nvm_persist,nvmbugs/005_nvm_direct/original_lib/nvm_misc.c,525,nvm_txbegin at nvmbugs/005_nvm_direct/original_lib/nvm_transaction.c:545,nvm_txbegin,nvmbugs/005_nvm_direct/original_lib/nvm_transaction.c,545,nvm_set_txconfig at nvmbugs/005_nvm_direct/original_lib/nvm_transaction.c:4497,nvm_set_txconfig,nvmbugs/005_nvm_direct/original_lib/nvm_transaction.c,4497,__klee_posix_wrapped_main at nvmbugs/005_nvm_direct/allocs.c:151,__klee_posix_wrapped_main,nvmbugs/005_nvm_direct/allocs.c,151,__klee_posix_ctor_stub_insert_point at runtime/POSIX/./klee_init_env.c:555,__klee_posix_ctor_stub_insert_point,runtime/POSIX/./klee_init_env.c,555,__user_main at runtime/POSIX/./klee_init_env.c:563,__user_main,runtime/POSIX/./klee_init_env.c,563,__uClibc_main at libc/misc/internals/__uClibc_main.c:401,__uClibc_main,libc/misc/internals/__uClibc_main.c,401,main,main,,0
17409872137235201061,257515533,flush (unnecessary),43,flush_clwb at nvmbugs/005_nvm_direct/original_lib/pmem.c:374,flush_clwb,nvmbugs/005_nvm_direct/original_lib/pmem.c,374,pmem_flush at nvmbugs/005_nvm_direct/original_lib/pmem.c:417,pmem_flush,nvmbugs/005_nvm_direct/original_lib/pmem.c,417,nvms_flush at nvmbugs/005_nvm_direct/original_lib/nvms_misc.c:112,nvms_flush,nvmbugs/005_nvm_direct/original_lib/nvms_misc.c,112,nvm_persist at nvmbugs/005_nvm_direct/original_lib/nvm_misc.c:525,nvm_persist,nvmbugs/005_nvm_direct/original_lib/nvm_misc.c,525,nvm_add_oper at nvmbugs/005_nvm_direct/original_lib/nvm_transaction.c:1430,nvm_add_oper,nvmbugs/005_nvm_direct/original_lib/nvm_transaction.c,1430,nvm_undo at nvmbugs/005_nvm_direct/original_lib/nvm_transaction.c:1763,nvm_undo,nvmbugs/005_nvm_direct/original_lib/nvm_transaction.c,1763,nvm_apply_undo at nvmbugs/005_nvm_direct/original_lib/nvm_transaction.c:3292,nvm_apply_undo,nvmbugs/005_nvm_direct/original_lib/nvm_transaction.c,3292,nvm_rollback at nvmbugs/005_nvm_direct/original_lib/nvm_transaction.c:3747,nvm_rollback,nvmbugs/005_nvm_direct/original_lib/nvm_transaction.c,3747,nvm_alloc at nvmbugs/005_nvm_direct/original_lib/nvm_heap.c:1699,nvm_alloc,nvmbugs/005_nvm_direct/original_lib/nvm_heap.c,1699,nvm_set_txconfig at nvmbugs/005_nvm_direct/original_lib/nvm_transaction.c:4533,nvm_set_txconfig,nvmbugs/005_nvm_direct/original_lib/nvm_transaction.c,4533,__klee_posix_wrapped_main at nvmbugs/005_nvm_direct/allocs.c:144,__klee_posix_wrapped_main,nvmbugs/005_nvm_direct/allocs.c,144,__klee_posix_ctor_stub_insert_point at runtime/POSIX/./klee_init_env.c:555,__klee_posix_ctor_stub_insert_point,runtime/POSIX/./klee_init_env.c,555,__user_main at runtime/POSIX/./klee_init_env.c:563,__user_main,runtime/POSIX/./klee_init_env.c,563,__uClibc_main at libc/misc/internals/__uClibc_main.c:401,__uClibc_main,libc/misc/internals/__uClibc_main.c,401,main,main,,0
1525287407230488510,257216485,flush (unnecessary),43,flush_clwb at nvmbugs/005_nvm_direct/original_lib/pmem.c:374,flush_clwb,nvmbugs/005_nvm_direct/original_lib/pmem.c,374,pmem_flush at nvmbugs/005_nvm_direct/original_lib/pmem.c:417,pmem_flush,nvmbugs/005_nvm_direct/original_lib/pmem.c,417,nvms_flush at nvmbugs/005_nvm_direct/original_lib/nvms_misc.c:112,nvms_flush,nvmbugs/005_nvm_direct/original_lib/nvms_misc.c,112,nvm_persist at nvmbugs/005_nvm_direct/original_lib/nvm_misc.c:525,nvm_persist,nvmbugs/005_nvm_direct/original_lib/nvm_misc.c,525,nvm_add_oper at nvmbugs/005_nvm_direct/original_lib/nvm_transaction.c:1430,nvm_add_oper,nvmbugs/005_nvm_direct/original_lib/nvm_transaction.c,1430,nvm_undo at nvmbugs/005_nvm_direct/original_lib/nvm_transaction.c:1763,nvm_undo,nvmbugs/005_nvm_direct/original_lib/nvm_transaction.c,1763,nvm_commit at nvmbugs/005_nvm_direct/original_lib/nvm_transaction.c:2856,nvm_commit,nvmbugs/005_nvm_direct/original_lib/nvm_transaction.c,2856,nvm_txend at nvmbugs/005_nvm_direct/original_lib/nvm_transaction.c:836,nvm_txend,nvmbugs/005_nvm_direct/original_lib/nvm_transaction.c,836,__klee_posix_wrapped_main at nvmbugs/005_nvm_direct/allocs.c:133,__klee_posix_wrapped_main,nvmbugs/005_nvm_direct/allocs.c,133,__klee_posix_ctor_stub_insert_point at runtime/POSIX/./klee_init_env.c:555,__klee_posix_ctor_stub_insert_point,runtime/POSIX/./klee_init_env.c,555,__user_main at runtime/POSIX/./klee_init_env.c:563,__user_main,runtime/POSIX/./klee_init_env.c,563,__uClibc_main at libc/misc/internals/__uClibc_main.c:401,__uClibc_main,libc/misc/internals/__uClibc_main.c,401,main,main,,0
11168680499058612697,133530733,flush (unnecessary),43,flush_clwb at nvmbugs/005_nvm_direct/original_lib/pmem.c:374,flush_clwb,nvmbugs/005_nvm_direct/original_lib/pmem.c,374,pmem_flush at nvmbugs/005_nvm_direct/original_lib/pmem.c:417,pmem_flush,nvmbugs/005_nvm_direct/original_lib/pmem.c,417,nvms_flush at nvmbugs/005_nvm_direct/original_lib/nvms_misc.c:112,nvms_flush,nvmbugs/005_nvm_direct/original_lib/nvms_misc.c,112,nvm_persist at nvmbugs/005_nvm_direct/original_lib/nvm_misc.c:525,nvm_persist,nvmbugs/005_nvm_direct/original_lib/nvm_misc.c,525,nvm_add_oper at nvmbugs/005_nvm_direct/original_lib/nvm_transaction.c:1430,nvm_add_oper,nvmbugs/005_nvm_direct/original_lib/nvm_transaction.c,1430,nvm_undo at nvmbugs/005_nvm_direct/original_lib/nvm_transaction.c:1763,nvm_undo,nvmbugs/005_nvm_direct/original_lib/nvm_transaction.c,1763,nvm_add_extent at nvmbugs/005_nvm_direct/original_lib/nvm_region.c:2204,nvm_add_extent,nvmbugs/005_nvm_direct/original_lib/nvm_region.c,2204,nvm_create_heap at nvmbugs/005_nvm_direct/original_lib/nvm_heap.c:727,nvm_create_heap,nvmbugs/005_nvm_direct/original_lib/nvm_heap.c,727,__klee_posix_wrapped_main at nvmbugs/005_nvm_direct/allocs.c:125,__klee_posix_wrapped_main,nvmbugs/005_nvm_direct/allocs.c,125,__klee_posix_ctor_stub_insert_point at runtime/POSIX/./klee_init_env.c:555,__klee_posix_ctor_stub_insert_point,runtime/POSIX/./klee_init_env.c,555,__user_main at runtime/POSIX/./klee_init_env.c:563,__user_main,runtime/POSIX/./klee_init_env.c,563,__uClibc_main at libc/misc/internals/__uClibc_main.c:401,__uClibc_main,libc/misc/internals/__uClibc_main.c,401,main,main,,0
11815291726728974271,258477213,fence (unnecessary),43,predrain_fence_sfence at nvmbugs/005_nvm_direct/original_lib/pmem.c:279,predrain_fence_sfence,nvmbugs/005_nvm_direct/original_lib/pmem.c,279,drain_no_pcommit at nvmbugs/005_nvm_direct/original_lib/pmem.c:299,drain_no_pcommit,nvmbugs/005_nvm_direct/original_lib/pmem.c,299,pmem_drain at nvmbugs/005_nvm_direct/original_lib/pmem.c:336,pmem_drain,nvmbugs/005_nvm_direct/original_lib/pmem.c,336,nvms_persist at nvmbugs/005_nvm_direct/original_lib/nvms_misc.c:125,nvms_persist,nvmbugs/005_nvm_direct/original_lib/nvms_misc.c,125,nvm_persist at nvmbugs/005_nvm_direct/original_lib/nvm_misc.c:533,nvm_persist,nvmbugs/005_nvm_direct/original_lib/nvm_misc.c,533,nvm_txend at nvmbugs/005_nvm_direct/original_lib/nvm_transaction.c:873,nvm_txend,nvmbugs/005_nvm_direct/original_lib/nvm_transaction.c,873,nvm_query_extents at nvmbugs/005_nvm_direct/original_lib/nvm_region.c:3090,nvm_query_extents,nvmbugs/005_nvm_direct/original_lib/nvm_region.c,3090,report at nvmbugs/005_nvm_direct/allocs.c:320,report,nvmbugs/005_nvm_direct/allocs.c,320,__klee_posix_wrapped_main at nvmbugs/005_nvm_direct/allocs.c:157,__klee_posix_wrapped_main,nvmbugs/005_nvm_direct/allocs.c,157,__klee_posix_ctor_stub_insert_point at runtime/POSIX/./klee_init_env.c:555,__klee_posix_ctor_stub_insert_point,runtime/POSIX/./klee_init_env.c,555,__user_main at runtime/POSIX/./klee_init_env.c:563,__user_main,runtime/POSIX/./klee_init_env.c,563,__uClibc_main at libc/misc/internals/__uClibc_main.c:401,__uClibc_main,libc/misc/internals/__uClibc_main.c,401,main,main,,0
1129188139162318244,257260385,flush (unnecessary),43,flush_clwb at nvmbugs/005_nvm_direct/original_lib/pmem.c:374,flush_clwb,nvmbugs/005_nvm_direct/original_lib/pmem.c,374,pmem_flush at nvmbugs/005_nvm_direct/original_lib/pmem.c:417,pmem_flush,nvmbugs/005_nvm_direct/original_lib/pmem.c,417,nvms_flush at nvmbugs/005_nvm_direct/original_lib/nvms_misc.c:112,nvms_flush,nvmbugs/005_nvm_direct/original_lib/nvms_misc.c,112,nvm_persist at nvmbugs/005_nvm_direct/original_lib/nvm_misc.c:525,nvm_persist,nvmbugs/005_nvm_direct/original_lib/nvm_misc.c,525,nvm_add_oper at nvmbugs/005_nvm_direct/original_lib/nvm_transaction.c:1430,nvm_add_oper,nvmbugs/005_nvm_direct/original_lib/nvm_transaction.c,1430,nvm_undo at nvmbugs/005_nvm_direct/original_lib/nvm_transaction.c:1763,nvm_undo,nvmbugs/005_nvm_direct/original_lib/nvm_transaction.c,1763,nvm_inuse_callback at nvmbugs/005_nvm_direct/original_lib/nvm_heap.c:626,nvm_inuse_callback,nvmbugs/005_nvm_direct/original_lib/nvm_heap.c,626,nvm_commit at nvmbugs/005_nvm_direct/original_lib/nvm_transaction.c:2861,nvm_commit,nvmbugs/005_nvm_direct/original_lib/nvm_transaction.c,2861,nvm_txend at nvmbugs/005_nvm_direct/original_lib/nvm_transaction.c:836,nvm_txend,nvmbugs/005_nvm_direct/original_lib/nvm_transaction.c,836,__klee_posix_wrapped_main at nvmbugs/005_nvm_direct/allocs.c:133,__klee_posix_wrapped_main,nvmbugs/005_nvm_direct/allocs.c,133,__klee_posix_ctor_stub_insert_point at runtime/POSIX/./klee_init_env.c:555,__klee_posix_ctor_stub_insert_point,runtime/POSIX/./klee_init_env.c,555,__user_main at runtime/POSIX/./klee_init_env.c:563,__user_main,runtime/POSIX/./klee_init_env.c,563,__uClibc_main at libc/misc/internals/__uClibc_main.c:401,__uClibc_main,libc/misc/internals/__uClibc_main.c,401,main,main,,0
5239286321960449808,257153030,flush (unnecessary),43,flush_clwb at nvmbugs/005_nvm_direct/original_lib/pmem.c:374,flush_clwb,nvmbugs/005_nvm_direct/original_lib/pmem.c,374,pmem_flush at nvmbugs/005_nvm_direct/original_lib/pmem.c:417,pmem_flush,nvmbugs/005_nvm_direct/original_lib/pmem.c,417,nvms_flush at nvmbugs/005_nvm_direct/original_lib/nvms_misc.c:112,nvms_flush,nvmbugs/005_nvm_direct/original_lib/nvms_misc.c,112,nvm_persist at nvmbugs/005_nvm_direct/original_lib/nvm_misc.c:525,nvm_persist,nvmbugs/005_nvm_direct/original_lib/nvm_misc.c,525,nvm_add_oper at nvmbugs/005_nvm_direct/original_lib/nvm_transaction.c:1430,nvm_add_oper,nvmbugs/005_nvm_direct/original_lib/nvm_transaction.c,1430,nvm_undo at nvmbugs/005_nvm_direct/original_lib/nvm_transaction.c:1763,nvm_undo,nvmbugs/005_nvm_direct/original_lib/nvm_transaction.c,1763,nvm_heap_txset.637 at nvmbugs/005_nvm_direct/lib/nvm_heap.h:67,nvm_heap_txset.637,nvmbugs/005_nvm_direct/lib/nvm_heap.h,67,__klee_posix_wrapped_main at nvmbugs/005_nvm_direct/allocs.c:126,__klee_posix_wrapped_main,nvmbugs/005_nvm_direct/allocs.c,126,__klee_posix_ctor_stub_insert_point at runtime/POSIX/./klee_init_env.c:555,__klee_posix_ctor_stub_insert_point,runtime/POSIX/./klee_init_env.c,555,__user_main at runtime/POSIX/./klee_init_env.c:563,__user_main,runtime/POSIX/./klee_init_env.c,563,__uClibc_main at libc/misc/internals/__uClibc_main.c:401,__uClibc_main,libc/misc/internals/__uClibc_main.c,401,main,main,,0
15511530132330666075,257103127,flush (unnecessary),43,flush_clwb at nvmbugs/005_nvm_direct/original_lib/pmem.c:374,flush_clwb,nvmbugs/005_nvm_direct/original_lib/pmem.c,374,pmem_flush at nvmbugs/005_nvm_direct/original_lib/pmem.c:417,pmem_flush,nvmbugs/005_nvm_direct/original_lib/pmem.c,417,nvms_flush at nvmbugs/005_nvm_direct/original_lib/nvms_misc.c:112,nvms_flush,nvmbugs/005_nvm_direct/original_lib/nvms_misc.c,112,nvm_flush at nvmbugs/005_nvm_direct/original_lib/nvm_misc.c:366,nvm_flush,nvmbugs/005_nvm_direct/original_lib/nvm_misc.c,366,nvm_create_baseheap at nvmbugs/005_nvm_direct/original_lib/nvm_heap.c:367,nvm_create_baseheap,nvmbugs/005_nvm_direct/original_lib/nvm_heap.c,367,nvm_create_heap at nvmbugs/005_nvm_direct/original_lib/nvm_heap.c:738,nvm_create_heap,nvmbugs/005_nvm_direct/original_lib/nvm_heap.c,738,__klee_posix_wrapped_main at nvmbugs/005_nvm_direct/allocs.c:125,__klee_posix_wrapped_main,nvmbugs/005_nvm_direct/allocs.c,125,__klee_posix_ctor_stub_insert_point at runtime/POSIX/./klee_init_env.c:555,__klee_posix_ctor_stub_insert_point,runtime/POSIX/./klee_init_env.c,555,__user_main at runtime/POSIX/./klee_init_env.c:563,__user_main,runtime/POSIX/./klee_init_env.c,563,__uClibc_main at libc/misc/internals/__uClibc_main.c:401,__uClibc_main,libc/misc/internals/__uClibc_main.c,401,main,main,,0
11144218929241438775,133557319,flush (unnecessary),43,flush_clwb at nvmbugs/005_nvm_direct/original_lib/pmem.c:374,flush_clwb,nvmbugs/005_nvm_direct/original_lib/pmem.c,374,pmem_flush at nvmbugs/005_nvm_direct/original_lib/pmem.c:417,pmem_flush,nvmbugs/005_nvm_direct/original_lib/pmem.c,417,nvms_flush at nvmbugs/005_nvm_direct/original_lib/nvms_misc.c:112,nvms_flush,nvmbugs/005_nvm_direct/original_lib/nvms_misc.c,112,nvm_persist at nvmbugs/005_nvm_direct/original_lib/nvm_misc.c:525,nvm_persist,nvmbugs/005_nvm_direct/original_lib/nvm_misc.c,525,nvm_add_oper at nvmbugs/005_nvm_direct/original_lib/nvm_transaction.c:1430,nvm_add_oper,nvmbugs/005_nvm_direct/original_lib/nvm_transaction.c,1430,nvm_undo at nvmbugs/005_nvm_direct/original_lib/nvm_transaction.c:1763,nvm_undo,nvmbugs/005_nvm_direct/original_lib/nvm_transaction.c,1763,nvm_add_extent at nvmbugs/005_nvm_direct/original_lib/nvm_region.c:2210,nvm_add_extent,nvmbugs/005_nvm_direct/original_lib/nvm_region.c,2210,nvm_create_heap at nvmbugs/005_nvm_direct/original_lib/nvm_heap.c:727,nvm_create_heap,nvmbugs/005_nvm_direct/original_lib/nvm_heap.c,727,__klee_posix_wrapped_main at nvmbugs/005_nvm_direct/allocs.c:125,__klee_posix_wrapped_main,nvmbugs/005_nvm_direct/allocs.c,125,__klee_posix_ctor_stub_insert_point at runtime/POSIX/./klee_init_env.c:555,__klee_posix_ctor_stub_insert_point,runtime/POSIX/./klee_init_env.c,555,__user_main at runtime/POSIX/./klee_init_env.c:563,__user_main,runtime/POSIX/./klee_init_env.c,563,__uClibc_main at libc/misc/internals/__uClibc_main.c:401,__uClibc_main,libc/misc/internals/__uClibc_main.c,401,main,main,,0
3638034221127265624,33327883,flush (unnecessary),43,flush_clwb at nvmbugs/005_nvm_direct/original_lib/pmem.c:374,flush_clwb,nvmbugs/005_nvm_direct/original_lib/pmem.c,374,pmem_flush at nvmbugs/005_nvm_direct/original_lib/pmem.c:417,pmem_flush,nvmbugs/005_nvm_direct/original_lib/pmem.c,417,nvms_flush at nvmbugs/005_nvm_direct/original_lib/nvms_misc.c:112,nvms_flush,nvmbugs/005_nvm_direct/original_lib/nvms_misc.c,112,nvm_persist at nvmbugs/005_nvm_direct/original_lib/nvm_misc.c:525,nvm_persist,nvmbugs/005_nvm_direct/original_lib/nvm_misc.c,525,nvm_add_oper at nvmbugs/005_nvm_direct/original_lib/nvm_transaction.c:1430,nvm_add_oper,nvmbugs/005_nvm_direct/original_lib/nvm_transaction.c,1430,nvm_undo at nvmbugs/005_nvm_direct/original_lib/nvm_transaction.c:1763,nvm_undo,nvmbugs/005_nvm_direct/original_lib/nvm_transaction.c,1763,nvm_alloc at nvmbugs/005_nvm_direct/original_lib/nvm_heap.c:1643,nvm_alloc,nvmbugs/005_nvm_direct/original_lib/nvm_heap.c,1643,nvm_add_extent at nvmbugs/005_nvm_direct/original_lib/nvm_region.c:2131,nvm_add_extent,nvmbugs/005_nvm_direct/original_lib/nvm_region.c,2131,__klee_posix_wrapped_main at nvmbugs/005_nvm_direct/allocs.c:100,__klee_posix_wrapped_main,nvmbugs/005_nvm_direct/allocs.c,100,__klee_posix_ctor_stub_insert_point at runtime/POSIX/./klee_init_env.c:555,__klee_posix_ctor_stub_insert_point,runtime/POSIX/./klee_init_env.c,555,__user_main at runtime/POSIX/./klee_init_env.c:563,__user_main,runtime/POSIX/./klee_init_env.c,563,__uClibc_main at libc/misc/internals/__uClibc_main.c:401,__uClibc_main,libc/misc/internals/__uClibc_main.c,401,main,main,,0
567525049384197266,133471053,flush (unnecessary),43,flush_clwb at nvmbugs/005_nvm_direct/original_lib/pmem.c:374,flush_clwb,nvmbugs/005_nvm_direct/original_lib/pmem.c,374,pmem_flush at nvmbugs/005_nvm_direct/original_lib/pmem.c:417,pmem_flush,nvmbugs/005_nvm_direct/original_lib/pmem.c,417,nvms_flush at nvmbugs/005_nvm_direct/original_lib/nvms_misc.c:112,nvms_flush,nvmbugs/005_nvm_direct/original_lib/nvms_misc.c,112,nvm_persist at nvmbugs/005_nvm_direct/original_lib/nvm_misc.c:525,nvm_persist,nvmbugs/005_nvm_direct/original_lib/nvm_misc.c,525,nvm_add_oper at nvmbugs/005_nvm_direct/original_lib/nvm_transaction.c:1430,nvm_add_oper,nvmbugs/005_nvm_direct/original_lib/nvm_transaction.c,1430,nvm_add_lock_op at nvmbugs/005_nvm_direct/original_lib/nvm_transaction.c:1914,nvm_add_lock_op,nvmbugs/005_nvm_direct/original_lib/nvm_transaction.c,1914,nvm_lock at nvmbugs/005_nvm_direct/original_lib/nvm_locks.c:867,nvm_lock,nvmbugs/005_nvm_direct/original_lib/nvm_locks.c,867,nvm_xlock.102 at nvmbugs/005_nvm_direct/original_lib/nvm_locks.h:333,nvm_xlock.102,nvmbugs/005_nvm_direct/original_lib/nvm_locks.h,333,nvm_add_extent at nvmbugs/005_nvm_direct/original_lib/nvm_region.c:2081,nvm_add_extent,nvmbugs/005_nvm_direct/original_lib/nvm_region.c,2081,nvm_create_heap at nvmbugs/005_nvm_direct/original_lib/nvm_heap.c:727,nvm_create_heap,nvmbugs/005_nvm_direct/original_lib/nvm_heap.c,727,__klee_posix_wrapped_main at nvmbugs/005_nvm_direct/allocs.c:125,__klee_posix_wrapped_main,nvmbugs/005_nvm_direct/allocs.c,125,__klee_posix_ctor_stub_insert_point at runtime/POSIX/./klee_init_env.c:555,__klee_posix_ctor_stub_insert_point,runtime/POSIX/./klee_init_env.c,555,__user_main at runtime/POSIX/./klee_init_env.c:563,__user_main,runtime/POSIX/./klee_init_env.c,563,__uClibc_main at libc/misc/internals/__uClibc_main.c:401,__uClibc_main,libc/misc/internals/__uClibc_main.c,401,main,main,,0
4855170523768486038,33992224,flush (unnecessary),43,flush_clwb at nvmbugs/005_nvm_direct/original_lib/pmem.c:374,flush_clwb,nvmbugs/005_nvm_direct/original_lib/pmem.c,374,pmem_flush at nvmbugs/005_nvm_direct/original_lib/pmem.c:417,pmem_flush,nvmbugs/005_nvm_direct/original_lib/pmem.c,417,nvms_flush at nvmbugs/005_nvm_direct/original_lib/nvms_misc.c:112,nvms_flush,nvmbugs/005_nvm_direct/original_lib/nvms_misc.c,112,nvm_persist at nvmbugs/005_nvm_direct/original_lib/nvm_misc.c:525,nvm_persist,nvmbugs/005_nvm_direct/original_lib/nvm_misc.c,525,nvm_add_oper at nvmbugs/005_nvm_direct/original_lib/nvm_transaction.c:1430,nvm_add_oper,nvmbugs/005_nvm_direct/original_lib/nvm_transaction.c,1430,nvm_undo at nvmbugs/005_nvm_direct/original_lib/nvm_transaction.c:1763,nvm_undo,nvmbugs/005_nvm_direct/original_lib/nvm_transaction.c,1763,nvm_add_extent at nvmbugs/005_nvm_direct/original_lib/nvm_region.c:2204,nvm_add_extent,nvmbugs/005_nvm_direct/original_lib/nvm_region.c,2204,__klee_posix_wrapped_main at nvmbugs/005_nvm_direct/allocs.c:100,__klee_posix_wrapped_main,nvmbugs/005_nvm_direct/allocs.c,100,__klee_posix_ctor_stub_insert_point at runtime/POSIX/./klee_init_env.c:555,__klee_posix_ctor_stub_insert_point,runtime/POSIX/./klee_init_env.c,555,__user_main at runtime/POSIX/./klee_init_env.c:563,__user_main,runtime/POSIX/./klee_init_env.c,563,__uClibc_main at libc/misc/internals/__uClibc_main.c:401,__uClibc_main,libc/misc/internals/__uClibc_main.c,401,main,main,,0
3433061844027242567,32552113,flush (unnecessary),43,flush_clwb at nvmbugs/005_nvm_direct/original_lib/pmem.c:374,flush_clwb,nvmbugs/005_nvm_direct/original_lib/pmem.c,374,pmem_flush at nvmbugs/005_nvm_direct/original_lib/pmem.c:417,pmem_flush,nvmbugs/005_nvm_direct/original_lib/pmem.c,417,nvms_flush at nvmbugs/005_nvm_direct/original_lib/nvms_misc.c:112,nvms_flush,nvmbugs/005_nvm_direct/original_lib/nvms_misc.c,112,nvm_persist at nvmbugs/005_nvm_direct/original_lib/nvm_misc.c:525,nvm_persist,nvmbugs/005_nvm_direct/original_lib/nvm_misc.c,525,nvm_add_oper at nvmbugs/005_nvm_direct/original_lib/nvm_transaction.c:1430,nvm_add_oper,nvmbugs/005_nvm_direct/original_lib/nvm_transaction.c,1430,nvm_undo at nvmbugs/005_nvm_direct/original_lib/nvm_transaction.c:1763,nvm_undo,nvmbugs/005_nvm_direct/original_lib/nvm_transaction.c,1763,nvm_blk_undo at nvmbugs/005_nvm_direct/original_lib/nvm_heap.c:2853,nvm_blk_undo,nvmbugs/005_nvm_direct/original_lib/nvm_heap.c,2853,nvm_alloc_blk at nvmbugs/005_nvm_direct/original_lib/nvm_heap.c:3275,nvm_alloc_blk,nvmbugs/005_nvm_direct/original_lib/nvm_heap.c,3275,nvm_alloc at nvmbugs/005_nvm_direct/original_lib/nvm_heap.c:1631,nvm_alloc,nvmbugs/005_nvm_direct/original_lib/nvm_heap.c,1631,__klee_posix_wrapped_main at nvmbugs/005_nvm_direct/allocs.c:83,__klee_posix_wrapped_main,nvmbugs/005_nvm_direct/allocs.c,83,__klee_posix_ctor_stub_insert_point at runtime/POSIX/./klee_init_env.c:555,__klee_posix_ctor_stub_insert_point,runtime/POSIX/./klee_init_env.c,555,__user_main at runtime/POSIX/./klee_init_env.c:563,__user_main,runtime/POSIX/./klee_init_env.c,563,__uClibc_main at libc/misc/internals/__uClibc_main.c:401,__uClibc_main,libc/misc/internals/__uClibc_main.c,401,main,main,,0
2028490712880979111,133338933,flush (unnecessary),43,flush_clwb at nvmbugs/005_nvm_direct/original_lib/pmem.c:374,flush_clwb,nvmbugs/005_nvm_direct/original_lib/pmem.c,374,pmem_flush at nvmbugs/005_nvm_direct/original_lib/pmem.c:417,pmem_flush,nvmbugs/005_nvm_direct/original_lib/pmem.c,417,nvms_flush at nvmbugs/005_nvm_direct/original_lib/nvms_misc.c:112,nvms_flush,nvmbugs/005_nvm_direct/original_lib/nvms_misc.c,112,nvm_persist at nvmbugs/005_nvm_direct/original_lib/nvm_misc.c:525,nvm_persist,nvmbugs/005_nvm_direct/original_lib/nvm_misc.c,525,nvm_add_oper at nvmbugs/005_nvm_direct/original_lib/nvm_transaction.c:1430,nvm_add_oper,nvmbugs/005_nvm_direct/original_lib/nvm_transaction.c,1430,nvm_undo at nvmbugs/005_nvm_direct/original_lib/nvm_transaction.c:1763,nvm_undo,nvmbugs/005_nvm_direct/original_lib/nvm_transaction.c,1763,__klee_posix_wrapped_main at nvmbugs/005_nvm_direct/allocs.c:109,__klee_posix_wrapped_main,nvmbugs/005_nvm_direct/allocs.c,109,__klee_posix_ctor_stub_insert_point at runtime/POSIX/./klee_init_env.c:555,__klee_posix_ctor_stub_insert_point,runtime/POSIX/./klee_init_env.c,555,__user_main at runtime/POSIX/./klee_init_env.c:563,__user_main,runtime/POSIX/./klee_init_env.c,563,__uClibc_main at libc/misc/internals/__uClibc_main.c:401,__uClibc_main,libc/misc/internals/__uClibc_main.c,401,main,main,,0
17602738998115295252,34022882,flush (unnecessary),43,flush_clwb at nvmbugs/005_nvm_direct/original_lib/pmem.c:374,flush_clwb,nvmbugs/005_nvm_direct/original_lib/pmem.c,374,pmem_flush at nvmbugs/005_nvm_direct/original_lib/pmem.c:417,pmem_flush,nvmbugs/005_nvm_direct/original_lib/pmem.c,417,nvms_flush at nvmbugs/005_nvm_direct/original_lib/nvms_misc.c:112,nvms_flush,nvmbugs/005_nvm_direct/original_lib/nvms_misc.c,112,nvm_persist at nvmbugs/005_nvm_direct/original_lib/nvm_misc.c:525,nvm_persist,nvmbugs/005_nvm_direct/original_lib/nvm_misc.c,525,nvm_add_oper at nvmbugs/005_nvm_direct/original_lib/nvm_transaction.c:1430,nvm_add_oper,nvmbugs/005_nvm_direct/original_lib/nvm_transaction.c,1430,nvm_undo at nvmbugs/005_nvm_direct/original_lib/nvm_transaction.c:1763,nvm_undo,nvmbugs/005_nvm_direct/original_lib/nvm_transaction.c,1763,nvm_add_extent at nvmbugs/005_nvm_direct/original_lib/nvm_region.c:2216,nvm_add_extent,nvmbugs/005_nvm_direct/original_lib/nvm_region.c,2216,__klee_posix_wrapped_main at nvmbugs/005_nvm_direct/allocs.c:100,__klee_posix_wrapped_main,nvmbugs/005_nvm_direct/allocs.c,100,__klee_posix_ctor_stub_insert_point at runtime/POSIX/./klee_init_env.c:555,__klee_posix_ctor_stub_insert_point,runtime/POSIX/./klee_init_env.c,555,__user_main at runtime/POSIX/./klee_init_env.c:563,__user_main,runtime/POSIX/./klee_init_env.c,563,__uClibc_main at libc/misc/internals/__uClibc_main.c:401,__uClibc_main,libc/misc/internals/__uClibc_main.c,401,main,main,,0
10037719131880024609,27128437,flush (unnecessary),86,flush_clwb at nvmbugs/005_nvm_direct/original_lib/pmem.c:374,flush_clwb,nvmbugs/005_nvm_direct/original_lib/pmem.c,374,pmem_flush at nvmbugs/005_nvm_direct/original_lib/pmem.c:417,pmem_flush,nvmbugs/005_nvm_direct/original_lib/pmem.c,417,nvms_flush at nvmbugs/005_nvm_direct/original_lib/nvms_misc.c:112,nvms_flush,nvmbugs/005_nvm_direct/original_lib/nvms_misc.c,112,nvm_flush1 at nvmbugs/005_nvm_direct/original_lib/nvm_misc.c:480,nvm_flush1,nvmbugs/005_nvm_direct/original_lib/nvm_misc.c,480,nvm_alloc_init_1 at nvmbugs/005_nvm_direct/original_lib/nvm_heap.c:2444,nvm_alloc_init_1,nvmbugs/005_nvm_direct/original_lib/nvm_heap.c,2444,nvm_alloc_init_1 at nvmbugs/005_nvm_direct/original_lib/nvm_heap.c:2479,nvm_alloc_init_1,nvmbugs/005_nvm_direct/original_lib/nvm_heap.c,2479,nvm_alloc_init at nvmbugs/005_nvm_direct/original_lib/nvm_heap.c:2693,nvm_alloc_init,nvmbugs/005_nvm_direct/original_lib/nvm_heap.c,2693,nvm_allocNT at nvmbugs/005_nvm_direct/original_lib/nvm_heap.c:518,nvm_allocNT,nvmbugs/005_nvm_direct/original_lib/nvm_heap.c,518,nvm_create_trans_table at nvmbugs/005_nvm_direct/original_lib/nvm_transaction.c:4649,nvm_create_trans_table,nvmbugs/005_nvm_direct/original_lib/nvm_transaction.c,4649,nvm_create_region at nvmbugs/005_nvm_direct/original_lib/nvm_region.c:604,nvm_create_region,nvmbugs/005_nvm_direct/original_lib/nvm_region.c,604,__klee_posix_wrapped_main at nvmbugs/005_nvm_direct/allocs.c:72,__klee_posix_wrapped_main,nvmbugs/005_nvm_direct/allocs.c,72,__klee_posix_ctor_stub_insert_point at runtime/POSIX/./klee_init_env.c:555,__klee_posix_ctor_stub_insert_point,runtime/POSIX/./klee_init_env.c,555,__user_main at runtime/POSIX/./klee_init_env.c:563,__user_main,runtime/POSIX/./klee_init_env.c,563,__uClibc_main at libc/misc/internals/__uClibc_main.c:401,__uClibc_main,libc/misc/internals/__uClibc_main.c,401,main,main,,0
17732459647369785591,33955409,flush (unnecessary),43,flush_clwb at nvmbugs/005_nvm_direct/original_lib/pmem.c:374,flush_clwb,nvmbugs/005_nvm_direct/original_lib/pmem.c,374,pmem_flush at nvmbugs/005_nvm_direct/original_lib/pmem.c:417,pmem_flush,nvmbugs/005_nvm_direct/original_lib/pmem.c,417,nvms_flush at nvmbugs/005_nvm_direct/original_lib/nvms_misc.c:112,nvms_flush,nvmbugs/005_nvm_direct/original_lib/nvms_misc.c,112,nvm_persist at nvmbugs/005_nvm_direct/original_lib/nvm_misc.c:525,nvm_persist,nvmbugs/005_nvm_direct/original_lib/nvm_misc.c,525,nvm_add_oper at nvmbugs/005_nvm_direct/original_lib/nvm_transaction.c:1430,nvm_add_oper,nvmbugs/005_nvm_direct/original_lib/nvm_transaction.c,1430,nvm_undo at nvmbugs/005_nvm_direct/original_lib/nvm_transaction.c:1763,nvm_undo,nvmbugs/005_nvm_direct/original_lib/nvm_transaction.c,1763,nvm_add_extent at nvmbugs/005_nvm_direct/original_lib/nvm_region.c:2140,nvm_add_extent,nvmbugs/005_nvm_direct/original_lib/nvm_region.c,2140,__klee_posix_wrapped_main at nvmbugs/005_nvm_direct/allocs.c:100,__klee_posix_wrapped_main,nvmbugs/005_nvm_direct/allocs.c,100,__klee_posix_ctor_stub_insert_point at runtime/POSIX/./klee_init_env.c:555,__klee_posix_ctor_stub_insert_point,runtime/POSIX/./klee_init_env.c,555,__user_main at runtime/POSIX/./klee_init_env.c:563,__user_main,runtime/POSIX/./klee_init_env.c,563,__uClibc_main at libc/misc/internals/__uClibc_main.c:401,__uClibc_main,libc/misc/internals/__uClibc_main.c,401,main,main,,0
2403071111700678876,257333191,flush (unnecessary),43,flush_clwb at nvmbugs/005_nvm_direct/original_lib/pmem.c:374,flush_clwb,nvmbugs/005_nvm_direct/original_lib/pmem.c,374,pmem_flush at nvmbugs/005_nvm_direct/original_lib/pmem.c:417,pmem_flush,nvmbugs/005_nvm_direct/original_lib/pmem.c,417,nvms_flush at nvmbugs/005_nvm_direct/original_lib/nvms_misc.c:112,nvms_flush,nvmbugs/005_nvm_direct/original_lib/nvms_misc.c,112,nvm_persist at nvmbugs/005_nvm_direct/original_lib/nvm_misc.c:525,nvm_persist,nvmbugs/005_nvm_direct/original_lib/nvm_misc.c,525,nvm_txbegin at nvmbugs/005_nvm_direct/original_lib/nvm_transaction.c:545,nvm_txbegin,nvmbugs/005_nvm_direct/original_lib/nvm_transaction.c,545,nvm_set_txconfig at nvmbugs/005_nvm_direct/original_lib/nvm_transaction.c:4497,nvm_set_txconfig,nvmbugs/005_nvm_direct/original_lib/nvm_transaction.c,4497,__klee_posix_wrapped_main at nvmbugs/005_nvm_direct/allocs.c:144,__klee_posix_wrapped_main,nvmbugs/005_nvm_direct/allocs.c,144,__klee_posix_ctor_stub_insert_point at runtime/POSIX/./klee_init_env.c:555,__klee_posix_ctor_stub_insert_point,runtime/POSIX/./klee_init_env.c,555,__user_main at runtime/POSIX/./klee_init_env.c:563,__user_main,runtime/POSIX/./klee_init_env.c,563,__uClibc_main at libc/misc/internals/__uClibc_main.c:401,__uClibc_main,libc/misc/internals/__uClibc_main.c,401,main,main,,0
7984393664779873959,133381441,fence (unnecessary),43,predrain_fence_sfence at nvmbugs/005_nvm_direct/original_lib/pmem.c:279,predrain_fence_sfence,nvmbugs/005_nvm_direct/original_lib/pmem.c,279,drain_no_pcommit at nvmbugs/005_nvm_direct/original_lib/pmem.c:299,drain_no_pcommit,nvmbugs/005_nvm_direct/original_lib/pmem.c,299,pmem_drain at nvmbugs/005_nvm_direct/original_lib/pmem.c:336,pmem_drain,nvmbugs/005_nvm_direct/original_lib/pmem.c,336,nvms_persist at nvmbugs/005_nvm_direct/original_lib/nvms_misc.c:125,nvms_persist,nvmbugs/005_nvm_direct/original_lib/nvms_misc.c,125,nvm_persist at nvmbugs/005_nvm_direct/original_lib/nvm_misc.c:533,nvm_persist,nvmbugs/005_nvm_direct/original_lib/nvm_misc.c,533,nvm_txend at nvmbugs/005_nvm_direct/original_lib/nvm_transaction.c:873,nvm_txend,nvmbugs/005_nvm_direct/original_lib/nvm_transaction.c,873,__klee_posix_wrapped_main at nvmbugs/005_nvm_direct/allocs.c:117,__klee_posix_wrapped_main,nvmbugs/005_nvm_direct/allocs.c,117,__klee_posix_ctor_stub_insert_point at runtime/POSIX/./klee_init_env.c:555,__klee_posix_ctor_stub_insert_point,runtime/POSIX/./klee_init_env.c,555,__user_main at runtime/POSIX/./klee_init_env.c:563,__user_main,runtime/POSIX/./klee_init_env.c,563,__uClibc_main at libc/misc/internals/__uClibc_main.c:401,__uClibc_main,libc/misc/internals/__uClibc_main.c,401,main,main,,0
11980779582614985066,1075401855,write (unpersisted),770,nvm_blk_set at nvmbugs/005_nvm_direct/original_lib/nvm_heap0.h:89,nvm_blk_set,nvmbugs/005_nvm_direct/original_lib/nvm_heap0.h,89,nvm_freelist_link at nvmbugs/005_nvm_direct/original_lib/nvm_heap.c:2936,nvm_freelist_link,nvmbugs/005_nvm_direct/original_lib/nvm_heap.c,2936,nvm_alloc_blk at nvmbugs/005_nvm_direct/original_lib/nvm_heap.c:3312,nvm_alloc_blk,nvmbugs/005_nvm_direct/original_lib/nvm_heap.c,3312,nvm_alloc at nvmbugs/005_nvm_direct/original_lib/nvm_heap.c:1631,nvm_alloc,nvmbugs/005_nvm_direct/original_lib/nvm_heap.c,1631,__klee_posix_wrapped_main at nvmbugs/005_nvm_direct/allocs.c:272,__klee_posix_wrapped_main,nvmbugs/005_nvm_direct/allocs.c,272,__klee_posix_ctor_stub_insert_point at runtime/POSIX/./klee_init_env.c:555,__klee_posix_ctor_stub_insert_point,runtime/POSIX/./klee_init_env.c,555,__user_main at runtime/POSIX/./klee_init_env.c:563,__user_main,runtime/POSIX/./klee_init_env.c,563,__uClibc_main at libc/misc/internals/__uClibc_main.c:401,__uClibc_main,libc/misc/internals/__uClibc_main.c,401,main,main,,0
15811409273706951826,507055451,fence (unnecessary),43,predrain_fence_sfence at nvmbugs/005_nvm_direct/original_lib/pmem.c:279,predrain_fence_sfence,nvmbugs/005_nvm_direct/original_lib/pmem.c,279,drain_no_pcommit at nvmbugs/005_nvm_direct/original_lib/pmem.c:299,drain_no_pcommit,nvmbugs/005_nvm_direct/original_lib/pmem.c,299,pmem_drain at nvmbugs/005_nvm_direct/original_lib/pmem.c:336,pmem_drain,nvmbugs/005_nvm_direct/original_lib/pmem.c,336,nvms_persist at nvmbugs/005_nvm_direct/original_lib/nvms_misc.c:125,nvms_persist,nvmbugs/005_nvm_direct/original_lib/nvms_misc.c,125,nvm_persist at nvmbugs/005_nvm_direct/original_lib/nvm_misc.c:533,nvm_persist,nvmbugs/005_nvm_direct/original_lib/nvm_misc.c,533,nvm_commit at nvmbugs/005_nvm_direct/original_lib/nvm_transaction.c:2751,nvm_commit,nvmbugs/005_nvm_direct/original_lib/nvm_transaction.c,2751,nvm_txend at nvmbugs/005_nvm_direct/original_lib/nvm_transaction.c:793,nvm_txend,nvmbugs/005_nvm_direct/original_lib/nvm_transaction.c,793,nvm_commit at nvmbugs/005_nvm_direct/original_lib/nvm_transaction.c:2864,nvm_commit,nvmbugs/005_nvm_direct/original_lib/nvm_transaction.c,2864,nvm_resize_heap at nvmbugs/005_nvm_direct/original_lib/nvm_heap.c:1056,nvm_resize_heap,nvmbugs/005_nvm_direct/original_lib/nvm_heap.c,1056,__klee_posix_wrapped_main at nvmbugs/005_nvm_direct/allocs.c:231,__klee_posix_wrapped_main,nvmbugs/005_nvm_direct/allocs.c,231,__klee_posix_ctor_stub_insert_point at runtime/POSIX/./klee_init_env.c:555,__klee_posix_ctor_stub_insert_point,runtime/POSIX/./klee_init_env.c,555,__user_main at runtime/POSIX/./klee_init_env.c:563,__user_main,runtime/POSIX/./klee_init_env.c,563,__uClibc_main at libc/misc/internals/__uClibc_main.c:401,__uClibc_main,libc/misc/internals/__uClibc_main.c,401,main,main,,0
4526861129727383751,33942238,flush (unnecessary),43,flush_clwb at nvmbugs/005_nvm_direct/original_lib/pmem.c:374,flush_clwb,nvmbugs/005_nvm_direct/original_lib/pmem.c,374,pmem_flush at nvmbugs/005_nvm_direct/original_lib/pmem.c:417,pmem_flush,nvmbugs/005_nvm_direct/original_lib/pmem.c,417,nvms_flush at nvmbugs/005_nvm_direct/original_lib/nvms_misc.c:112,nvms_flush,nvmbugs/005_nvm_direct/original_lib/nvms_misc.c,112,nvm_persist at nvmbugs/005_nvm_direct/original_lib/nvm_misc.c:525,nvm_persist,nvmbugs/005_nvm_direct/original_lib/nvm_misc.c,525,nvm_add_oper at nvmbugs/005_nvm_direct/original_lib/nvm_transaction.c:1430,nvm_add_oper,nvmbugs/005_nvm_direct/original_lib/nvm_transaction.c,1430,nvm_undo at nvmbugs/005_nvm_direct/original_lib/nvm_transaction.c:1763,nvm_undo,nvmbugs/005_nvm_direct/original_lib/nvm_transaction.c,1763,nvm_add_extent at nvmbugs/005_nvm_direct/original_lib/nvm_region.c:2135,nvm_add_extent,nvmbugs/005_nvm_direct/original_lib/nvm_region.c,2135,__klee_posix_wrapped_main at nvmbugs/005_nvm_direct/allocs.c:100,__klee_posix_wrapped_main,nvmbugs/005_nvm_direct/allocs.c,100,__klee_posix_ctor_stub_insert_point at runtime/POSIX/./klee_init_env.c:555,__klee_posix_ctor_stub_insert_point,runtime/POSIX/./klee_init_env.c,555,__user_main at runtime/POSIX/./klee_init_env.c:563,__user_main,runtime/POSIX/./klee_init_env.c,563,__uClibc_main at libc/misc/internals/__uClibc_main.c:401,__uClibc_main,libc/misc/internals/__uClibc_main.c,401,main,main,,0
8998784855888093707,506555280,flush (unnecessary),43,flush_clwb at nvmbugs/005_nvm_direct/original_lib/pmem.c:374,flush_clwb,nvmbugs/005_nvm_direct/original_lib/pmem.c,374,pmem_flush at nvmbugs/005_nvm_direct/original_lib/pmem.c:417,pmem_flush,nvmbugs/005_nvm_direct/original_lib/pmem.c,417,nvms_flush at nvmbugs/005_nvm_direct/original_lib/nvms_misc.c:112,nvms_flush,nvmbugs/005_nvm_direct/original_lib/nvms_misc.c,112,nvm_persist at nvmbugs/005_nvm_direct/original_lib/nvm_misc.c:525,nvm_persist,nvmbugs/005_nvm_direct/original_lib/nvm_misc.c,525,nvm_add_oper at nvmbugs/005_nvm_direct/original_lib/nvm_transaction.c:1430,nvm_add_oper,nvmbugs/005_nvm_direct/original_lib/nvm_transaction.c,1430,nvm_oncommit at nvmbugs/005_nvm_direct/original_lib/nvm_transaction.c:2250,nvm_oncommit,nvmbugs/005_nvm_direct/original_lib/nvm_transaction.c,2250,nvm_resize_extent1 at nvmbugs/005_nvm_direct/original_lib/nvm_region.c:2775,nvm_resize_extent1,nvmbugs/005_nvm_direct/original_lib/nvm_region.c,2775,nvm_resize_heap at nvmbugs/005_nvm_direct/original_lib/nvm_heap.c:975,nvm_resize_heap,nvmbugs/005_nvm_direct/original_lib/nvm_heap.c,975,__klee_posix_wrapped_main at nvmbugs/005_nvm_direct/allocs.c:231,__klee_posix_wrapped_main,nvmbugs/005_nvm_direct/allocs.c,231,__klee_posix_ctor_stub_insert_point at runtime/POSIX/./klee_init_env.c:555,__klee_posix_ctor_stub_insert_point,runtime/POSIX/./klee_init_env.c,555,__user_main at runtime/POSIX/./klee_init_env.c:563,__user_main,runtime/POSIX/./klee_init_env.c,563,__uClibc_main at libc/misc/internals/__uClibc_main.c:401,__uClibc_main,libc/misc/internals/__uClibc_main.c,401,main,main,,0
14548437647105827874,33305547,flush (unnecessary),43,flush_clwb at nvmbugs/005_nvm_direct/original_lib/pmem.c:374,flush_clwb,nvmbugs/005_nvm_direct/original_lib/pmem.c,374,pmem_flush at nvmbugs/005_nvm_direct/original_lib/pmem.c:417,pmem_flush,nvmbugs/005_nvm_direct/original_lib/pmem.c,417,nvms_flush at nvmbugs/005_nvm_direct/original_lib/nvms_misc.c:112,nvms_flush,nvmbugs/005_nvm_direct/original_lib/nvms_misc.c,112,nvm_persist at nvmbugs/005_nvm_direct/original_lib/nvm_misc.c:525,nvm_persist,nvmbugs/005_nvm_direct/original_lib/nvm_misc.c,525,nvm_add_oper at nvmbugs/005_nvm_direct/original_lib/nvm_transaction.c:1430,nvm_add_oper,nvmbugs/005_nvm_direct/original_lib/nvm_transaction.c,1430,nvm_undo at nvmbugs/005_nvm_direct/original_lib/nvm_transaction.c:1763,nvm_undo,nvmbugs/005_nvm_direct/original_lib/nvm_transaction.c,1763,nvm_freelist_link at nvmbugs/005_nvm_direct/original_lib/nvm_heap.c:2934,nvm_freelist_link,nvmbugs/005_nvm_direct/original_lib/nvm_heap.c,2934,nvm_alloc_blk at nvmbugs/005_nvm_direct/original_lib/nvm_heap.c:3312,nvm_alloc_blk,nvmbugs/005_nvm_direct/original_lib/nvm_heap.c,3312,nvm_alloc at nvmbugs/005_nvm_direct/original_lib/nvm_heap.c:1631,nvm_alloc,nvmbugs/005_nvm_direct/original_lib/nvm_heap.c,1631,nvm_add_extent at nvmbugs/005_nvm_direct/original_lib/nvm_region.c:2131,nvm_add_extent,nvmbugs/005_nvm_direct/original_lib/nvm_region.c,2131,__klee_posix_wrapped_main at nvmbugs/005_nvm_direct/allocs.c:100,__klee_posix_wrapped_main,nvmbugs/005_nvm_direct/allocs.c,100,__klee_posix_ctor_stub_insert_point at runtime/POSIX/./klee_init_env.c:555,__klee_posix_ctor_stub_insert_point,runtime/POSIX/./klee_init_env.c,555,__user_main at runtime/POSIX/./klee_init_env.c:563,__user_main,runtime/POSIX/./klee_init_env.c,563,__uClibc_main at libc/misc/internals/__uClibc_main.c:401,__uClibc_main,libc/misc/internals/__uClibc_main.c,401,main,main,,0
16834859592663864340,33243697,flush (unnecessary),86,flush_clwb at nvmbugs/005_nvm_direct/original_lib/pmem.c:374,flush_clwb,nvmbugs/005_nvm_direct/original_lib/pmem.c,374,pmem_flush at nvmbugs/005_nvm_direct/original_lib/pmem.c:417,pmem_flush,nvmbugs/005_nvm_direct/original_lib/pmem.c,417,nvms_flush at nvmbugs/005_nvm_direct/original_lib/nvms_misc.c:112,nvms_flush,nvmbugs/005_nvm_direct/original_lib/nvms_misc.c,112,nvm_persist at nvmbugs/005_nvm_direct/original_lib/nvm_misc.c:525,nvm_persist,nvmbugs/005_nvm_direct/original_lib/nvm_misc.c,525,nvm_add_oper at nvmbugs/005_nvm_direct/original_lib/nvm_transaction.c:1430,nvm_add_oper,nvmbugs/005_nvm_direct/original_lib/nvm_transaction.c,1430,nvm_undo at nvmbugs/005_nvm_direct/original_lib/nvm_transaction.c:1763,nvm_undo,nvmbugs/005_nvm_direct/original_lib/nvm_transaction.c,1763,nvm_alloc_blk at nvmbugs/005_nvm_direct/original_lib/nvm_heap.c:3295,nvm_alloc_blk,nvmbugs/005_nvm_direct/original_lib/nvm_heap.c,3295,nvm_alloc at nvmbugs/005_nvm_direct/original_lib/nvm_heap.c:1631,nvm_alloc,nvmbugs/005_nvm_direct/original_lib/nvm_heap.c,1631,nvm_add_extent at nvmbugs/005_nvm_direct/original_lib/nvm_region.c:2131,nvm_add_extent,nvmbugs/005_nvm_direct/original_lib/nvm_region.c,2131,__klee_posix_wrapped_main at nvmbugs/005_nvm_direct/allocs.c:100,__klee_posix_wrapped_main,nvmbugs/005_nvm_direct/allocs.c,100,__klee_posix_ctor_stub_insert_point at runtime/POSIX/./klee_init_env.c:555,__klee_posix_ctor_stub_insert_point,runtime/POSIX/./klee_init_env.c,555,__user_main at runtime/POSIX/./klee_init_env.c:563,__user_main,runtime/POSIX/./klee_init_env.c,563,__uClibc_main at libc/misc/internals/__uClibc_main.c:401,__uClibc_main,libc/misc/internals/__uClibc_main.c,401,main,main,,0
702481182217813254,30582000,write (unpersisted),68480,nvm_undo_blk_set at nvmbugs/005_nvm_direct/original_lib/nvm_data0.h:99,nvm_undo_blk_set,nvmbugs/005_nvm_direct/original_lib/nvm_data0.h,99,nvm_recover at nvmbugs/005_nvm_direct/original_lib/nvm_transaction.c:5374,nvm_recover,nvmbugs/005_nvm_direct/original_lib/nvm_transaction.c,5374,nvm_create_region at nvmbugs/005_nvm_direct/original_lib/nvm_region.c:607,nvm_create_region,nvmbugs/005_nvm_direct/original_lib/nvm_region.c,607,__klee_posix_wrapped_main at nvmbugs/005_nvm_direct/allocs.c:72,__klee_posix_wrapped_main,nvmbugs/005_nvm_direct/allocs.c,72,__klee_posix_ctor_stub_insert_point at runtime/POSIX/./klee_init_env.c:555,__klee_posix_ctor_stub_insert_point,runtime/POSIX/./klee_init_env.c,555,__user_main at runtime/POSIX/./klee_init_env.c:563,__user_main,runtime/POSIX/./klee_init_env.c,563,__uClibc_main at libc/misc/internals/__uClibc_main.c:401,__uClibc_main,libc/misc/internals/__uClibc_main.c,401,main,main,,0
7923957304401841532,34006506,flush (unnecessary),43,flush_clwb at nvmbugs/005_nvm_direct/original_lib/pmem.c:374,flush_clwb,nvmbugs/005_nvm_direct/original_lib/pmem.c,374,pmem_flush at nvmbugs/005_nvm_direct/original_lib/pmem.c:417,pmem_flush,nvmbugs/005_nvm_direct/original_lib/pmem.c,417,nvms_flush at nvmbugs/005_nvm_direct/original_lib/nvms_misc.c:112,nvms_flush,nvmbugs/005_nvm_direct/original_lib/nvms_misc.c,112,nvm_persist at nvmbugs/005_nvm_direct/original_lib/nvm_misc.c:525,nvm_persist,nvmbugs/005_nvm_direct/original_lib/nvm_misc.c,525,nvm_add_oper at nvmbugs/005_nvm_direct/original_lib/nvm_transaction.c:1430,nvm_add_oper,nvmbugs/005_nvm_direct/original_lib/nvm_transaction.c,1430,nvm_undo at nvmbugs/005_nvm_direct/original_lib/nvm_transaction.c:1763,nvm_undo,nvmbugs/005_nvm_direct/original_lib/nvm_transaction.c,1763,nvm_add_extent at nvmbugs/005_nvm_direct/original_lib/nvm_region.c:2210,nvm_add_extent,nvmbugs/005_nvm_direct/original_lib/nvm_region.c,2210,__klee_posix_wrapped_main at nvmbugs/005_nvm_direct/allocs.c:100,__klee_posix_wrapped_main,nvmbugs/005_nvm_direct/allocs.c,100,__klee_posix_ctor_stub_insert_point at runtime/POSIX/./klee_init_env.c:555,__klee_posix_ctor_stub_insert_point,runtime/POSIX/./klee_init_env.c,555,__user_main at runtime/POSIX/./klee_init_env.c:563,__user_main,runtime/POSIX/./klee_init_env.c,563,__uClibc_main at libc/misc/internals/__uClibc_main.c:401,__uClibc_main,libc/misc/internals/__uClibc_main.c,401,main,main,,0
4488111545899161919,133350652,flush (unnecessary),43,flush_clwb at nvmbugs/005_nvm_direct/original_lib/pmem.c:374,flush_clwb,nvmbugs/005_nvm_direct/original_lib/pmem.c,374,pmem_flush at nvmbugs/005_nvm_direct/original_lib/pmem.c:417,pmem_flush,nvmbugs/005_nvm_direct/original_lib/pmem.c,417,nvms_flush at nvmbugs/005_nvm_direct/original_lib/nvms_misc.c:112,nvms_flush,nvmbugs/005_nvm_direct/original_lib/nvms_misc.c,112,nvm_persist at nvmbugs/005_nvm_direct/original_lib/nvm_misc.c:525,nvm_persist,nvmbugs/005_nvm_direct/original_lib/nvm_misc.c,525,nvm_commit at nvmbugs/005_nvm_direct/original_lib/nvm_transaction.c:2751,nvm_commit,nvmbugs/005_nvm_direct/original_lib/nvm_transaction.c,2751,__klee_posix_wrapped_main at nvmbugs/005_nvm_direct/allocs.c:116,__klee_posix_wrapped_main,nvmbugs/005_nvm_direct/allocs.c,116,__klee_posix_ctor_stub_insert_point at runtime/POSIX/./klee_init_env.c:555,__klee_posix_ctor_stub_insert_point,runtime/POSIX/./klee_init_env.c,555,__user_main at runtime/POSIX/./klee_init_env.c:563,__user_main,runtime/POSIX/./klee_init_env.c,563,__uClibc_main at libc/misc/internals/__uClibc_main.c:401,__uClibc_main,libc/misc/internals/__uClibc_main.c,401,main,main,,0
12554098751557766678,257125218,flush (unnecessary),43,flush_clwb at nvmbugs/005_nvm_direct/original_lib/pmem.c:374,flush_clwb,nvmbugs/005_nvm_direct/original_lib/pmem.c,374,pmem_flush at nvmbugs/005_nvm_direct/original_lib/pmem.c:417,pmem_flush,nvmbugs/005_nvm_direct/original_lib/pmem.c,417,nvms_flush at nvmbugs/005_nvm_direct/original_lib/nvms_misc.c:112,nvms_flush,nvmbugs/005_nvm_direct/original_lib/nvms_misc.c,112,nvm_flush at nvmbugs/005_nvm_direct/original_lib/nvm_misc.c:366,nvm_flush,nvmbugs/005_nvm_direct/original_lib/nvm_misc.c,366,nvm_oncommit at nvmbugs/005_nvm_direct/original_lib/nvm_transaction.c:2243,nvm_oncommit,nvmbugs/005_nvm_direct/original_lib/nvm_transaction.c,2243,nvm_create_heap at nvmbugs/005_nvm_direct/original_lib/nvm_heap.c:747,nvm_create_heap,nvmbugs/005_nvm_direct/original_lib/nvm_heap.c,747,__klee_posix_wrapped_main at nvmbugs/005_nvm_direct/allocs.c:125,__klee_posix_wrapped_main,nvmbugs/005_nvm_direct/allocs.c,125,__klee_posix_ctor_stub_insert_point at runtime/POSIX/./klee_init_env.c:555,__klee_posix_ctor_stub_insert_point,runtime/POSIX/./klee_init_env.c,555,__user_main at runtime/POSIX/./klee_init_env.c:563,__user_main,runtime/POSIX/./klee_init_env.c,563,__uClibc_main at libc/misc/internals/__uClibc_main.c:401,__uClibc_main,libc/misc/internals/__uClibc_main.c,401,main,main,,0
2713355967234747476,257171579,flush (unnecessary),43,flush_clwb at nvmbugs/005_nvm_direct/original_lib/pmem.c:374,flush_clwb,nvmbugs/005_nvm_direct/original_lib/pmem.c,374,pmem_flush at nvmbugs/005_nvm_direct/original_lib/pmem.c:417,pmem_flush,nvmbugs/005_nvm_direct/original_lib/pmem.c,417,nvms_flush at nvmbugs/005_nvm_direct/original_lib/nvms_misc.c:112,nvms_flush,nvmbugs/005_nvm_direct/original_lib/nvms_misc.c,112,nvm_persist at nvmbugs/005_nvm_direct/original_lib/nvm_misc.c:525,nvm_persist,nvmbugs/005_nvm_direct/original_lib/nvm_misc.c,525,nvm_add_oper at nvmbugs/005_nvm_direct/original_lib/nvm_transaction.c:1430,nvm_add_oper,nvmbugs/005_nvm_direct/original_lib/nvm_transaction.c,1430,nvm_undo at nvmbugs/005_nvm_direct/original_lib/nvm_transaction.c:1763,nvm_undo,nvmbugs/005_nvm_direct/original_lib/nvm_transaction.c,1763,void_txset at nvmbugs/005_nvm_direct/original_lib/nvm_misc.h:710,void_txset,nvmbugs/005_nvm_direct/original_lib/nvm_misc.h,710,nvm_heap_setroot at nvmbugs/005_nvm_direct/original_lib/nvm_heap.c:1263,nvm_heap_setroot,nvmbugs/005_nvm_direct/original_lib/nvm_heap.c,1263,__klee_posix_wrapped_main at nvmbugs/005_nvm_direct/allocs.c:132,__klee_posix_wrapped_main,nvmbugs/005_nvm_direct/allocs.c,132,__klee_posix_ctor_stub_insert_point at runtime/POSIX/./klee_init_env.c:555,__klee_posix_ctor_stub_insert_point,runtime/POSIX/./klee_init_env.c,555,__user_main at runtime/POSIX/./klee_init_env.c:563,__user_main,runtime/POSIX/./klee_init_env.c,563,__uClibc_main at libc/misc/internals/__uClibc_main.c:401,__uClibc_main,libc/misc/internals/__uClibc_main.c,401,main,main,,0
2366259521996888940,12785325,flush (unnecessary),43,flush_clwb at nvmbugs/005_nvm_direct/original_lib/pmem.c:374,flush_clwb,nvmbugs/005_nvm_direct/original_lib/pmem.c,374,pmem_flush at nvmbugs/005_nvm_direct/original_lib/pmem.c:417,pmem_flush,nvmbugs/005_nvm_direct/original_lib/pmem.c,417,nvms_flush at nvmbugs/005_nvm_direct/original_lib/nvms_misc.c:112,nvms_flush,nvmbugs/005_nvm_direct/original_lib/nvms_misc.c,112,nvm_flush1 at nvmbugs/005_nvm_direct/original_lib/nvm_misc.c:480,nvm_flush1,nvmbugs/005_nvm_direct/original_lib/nvm_misc.c,480,nvm_alloc_init_1 at nvmbugs/005_nvm_direct/original_lib/nvm_heap.c:2444,nvm_alloc_init_1,nvmbugs/005_nvm_direct/original_lib/nvm_heap.c,2444,nvm_allocNT at nvmbugs/005_nvm_direct/original_lib/nvm_heap.c:477,nvm_allocNT,nvmbugs/005_nvm_direct/original_lib/nvm_heap.c,477,nvm_create_trans_table at nvmbugs/005_nvm_direct/original_lib/nvm_transaction.c:4649,nvm_create_trans_table,nvmbugs/005_nvm_direct/original_lib/nvm_transaction.c,4649,nvm_create_region at nvmbugs/005_nvm_direct/original_lib/nvm_region.c:604,nvm_create_region,nvmbugs/005_nvm_direct/original_lib/nvm_region.c,604,__klee_posix_wrapped_main at nvmbugs/005_nvm_direct/allocs.c:72,__klee_posix_wrapped_main,nvmbugs/005_nvm_direct/allocs.c,72,__klee_posix_ctor_stub_insert_point at runtime/POSIX/./klee_init_env.c:555,__klee_posix_ctor_stub_insert_point,runtime/POSIX/./klee_init_env.c,555,__user_main at runtime/POSIX/./klee_init_env.c:563,__user_main,runtime/POSIX/./klee_init_env.c,563,__uClibc_main at libc/misc/internals/__uClibc_main.c:401,__uClibc_main,libc/misc/internals/__uClibc_main.c,401,main,main,,0
1169352873212492236,32982251,fence (unnecessary),43,predrain_fence_sfence at nvmbugs/005_nvm_direct/original_lib/pmem.c:279,predrain_fence_sfence,nvmbugs/005_nvm_direct/original_lib/pmem.c,279,drain_no_pcommit at nvmbugs/005_nvm_direct/original_lib/pmem.c:299,drain_no_pcommit,nvmbugs/005_nvm_direct/original_lib/pmem.c,299,pmem_drain at nvmbugs/005_nvm_direct/original_lib/pmem.c:336,pmem_drain,nvmbugs/005_nvm_direct/original_lib/pmem.c,336,nvms_persist at nvmbugs/005_nvm_direct/original_lib/nvms_misc.c:125,nvms_persist,nvmbugs/005_nvm_direct/original_lib/nvms_misc.c,125,nvm_persist at nvmbugs/005_nvm_direct/original_lib/nvm_misc.c:533,nvm_persist,nvmbugs/005_nvm_direct/original_lib/nvm_misc.c,533,nvm_txend at nvmbugs/005_nvm_direct/original_lib/nvm_transaction.c:873,nvm_txend,nvmbugs/005_nvm_direct/original_lib/nvm_transaction.c,873,nvm_query_extents at nvmbugs/005_nvm_direct/original_lib/nvm_region.c:3090,nvm_query_extents,nvmbugs/005_nvm_direct/original_lib/nvm_region.c,3090,__klee_posix_wrapped_main at nvmbugs/005_nvm_direct/allocs.c:96,__klee_posix_wrapped_main,nvmbugs/005_nvm_direct/allocs.c,96,__klee_posix_ctor_stub_insert_point at runtime/POSIX/./klee_init_env.c:555,__klee_posix_ctor_stub_insert_point,runtime/POSIX/./klee_init_env.c,555,__user_main at runtime/POSIX/./klee_init_env.c:563,__user_main,runtime/POSIX/./klee_init_env.c,563,__uClibc_main at libc/misc/internals/__uClibc_main.c:401,__uClibc_main,libc/misc/internals/__uClibc_main.c,401,main,main,,0
16286253894711804239,378862147,flush (unnecessary),43,flush_clwb at nvmbugs/005_nvm_direct/original_lib/pmem.c:374,flush_clwb,nvmbugs/005_nvm_direct/original_lib/pmem.c,374,pmem_flush at nvmbugs/005_nvm_direct/original_lib/pmem.c:417,pmem_flush,nvmbugs/005_nvm_direct/original_lib/pmem.c,417,nvms_flush at nvmbugs/005_nvm_direct/original_lib/nvms_misc.c:112,nvms_flush,nvmbugs/005_nvm_direct/original_lib/nvms_misc.c,112,nvm_persist at nvmbugs/005_nvm_direct/original_lib/nvm_misc.c:525,nvm_persist,nvmbugs/005_nvm_direct/original_lib/nvm_misc.c,525,nvm_add_oper at nvmbugs/005_nvm_direct/original_lib/nvm_transaction.c:1430,nvm_add_oper,nvmbugs/005_nvm_direct/original_lib/nvm_transaction.c,1430,nvm_undo at nvmbugs/005_nvm_direct/original_lib/nvm_transaction.c:1763,nvm_undo,nvmbugs/005_nvm_direct/original_lib/nvm_transaction.c,1763,nvm_resize_extent1 at nvmbugs/005_nvm_direct/original_lib/nvm_region.c:2791,nvm_resize_extent1,nvmbugs/005_nvm_direct/original_lib/nvm_region.c,2791,nvm_resize_heap at nvmbugs/005_nvm_direct/original_lib/nvm_heap.c:975,nvm_resize_heap,nvmbugs/005_nvm_direct/original_lib/nvm_heap.c,975,__klee_posix_wrapped_main at nvmbugs/005_nvm_direct/allocs.c:170,__klee_posix_wrapped_main,nvmbugs/005_nvm_direct/allocs.c,170,__klee_posix_ctor_stub_insert_point at runtime/POSIX/./klee_init_env.c:555,__klee_posix_ctor_stub_insert_point,runtime/POSIX/./klee_init_env.c,555,__user_main at runtime/POSIX/./klee_init_env.c:563,__user_main,runtime/POSIX/./klee_init_env.c,563,__uClibc_main at libc/misc/internals/__uClibc_main.c:401,__uClibc_main,libc/misc/internals/__uClibc_main.c,401,main,main,,0
11162955298662196630,32395303,fence (unnecessary),43,predrain_fence_sfence at nvmbugs/005_nvm_direct/original_lib/pmem.c:279,predrain_fence_sfence,nvmbugs/005_nvm_direct/original_lib/pmem.c,279,drain_no_pcommit at nvmbugs/005_nvm_direct/original_lib/pmem.c:299,drain_no_pcommit,nvmbugs/005_nvm_direct/original_lib/pmem.c,299,pmem_drain at nvmbugs/005_nvm_direct/original_lib/pmem.c:336,pmem_drain,nvmbugs/005_nvm_direct/original_lib/pmem.c,336,nvms_persist at nvmbugs/005_nvm_direct/original_lib/nvms_misc.c:125,nvms_persist,nvmbugs/005_nvm_direct/original_lib/nvms_misc.c,125,nvm_persist at nvmbugs/005_nvm_direct/original_lib/nvm_misc.c:533,nvm_persist,nvmbugs/005_nvm_direct/original_lib/nvm_misc.c,533,nvm_txend at nvmbugs/005_nvm_direct/original_lib/nvm_transaction.c:873,nvm_txend,nvmbugs/005_nvm_direct/original_lib/nvm_transaction.c,873,nvm_create_region at nvmbugs/005_nvm_direct/original_lib/nvm_region.c:624,nvm_create_region,nvmbugs/005_nvm_direct/original_lib/nvm_region.c,624,__klee_posix_wrapped_main at nvmbugs/005_nvm_direct/allocs.c:72,__klee_posix_wrapped_main,nvmbugs/005_nvm_direct/allocs.c,72,__klee_posix_ctor_stub_insert_point at runtime/POSIX/./klee_init_env.c:555,__klee_posix_ctor_stub_insert_point,runtime/POSIX/./klee_init_env.c,555,__user_main at runtime/POSIX/./klee_init_env.c:563,__user_main,runtime/POSIX/./klee_init_env.c,563,__uClibc_main at libc/misc/internals/__uClibc_main.c:401,__uClibc_main,libc/misc/internals/__uClibc_main.c,401,main,main,,0
17659013697026160714,506780050,flush (unnecessary),43,flush_clwb at nvmbugs/005_nvm_direct/original_lib/pmem.c:374,flush_clwb,nvmbugs/005_nvm_direct/original_lib/pmem.c,374,pmem_flush at nvmbugs/005_nvm_direct/original_lib/pmem.c:417,pmem_flush,nvmbugs/005_nvm_direct/original_lib/pmem.c,417,nvms_flush at nvmbugs/005_nvm_direct/original_lib/nvms_misc.c:112,nvms_flush,nvmbugs/005_nvm_direct/original_lib/nvms_misc.c,112,nvm_persist at nvmbugs/005_nvm_direct/original_lib/nvm_misc.c:525,nvm_persist,nvmbugs/005_nvm_direct/original_lib/nvm_misc.c,525,nvm_add_oper at nvmbugs/005_nvm_direct/original_lib/nvm_transaction.c:1430,nvm_add_oper,nvmbugs/005_nvm_direct/original_lib/nvm_transaction.c,1430,nvm_undo at nvmbugs/005_nvm_direct/original_lib/nvm_transaction.c:1763,nvm_undo,nvmbugs/005_nvm_direct/original_lib/nvm_transaction.c,1763,nvm_resize_heap at nvmbugs/005_nvm_direct/original_lib/nvm_heap.c:1028,nvm_resize_heap,nvmbugs/005_nvm_direct/original_lib/nvm_heap.c,1028,__klee_posix_wrapped_main at nvmbugs/005_nvm_direct/allocs.c:231,__klee_posix_wrapped_main,nvmbugs/005_nvm_direct/allocs.c,231,__klee_posix_ctor_stub_insert_point at runtime/POSIX/./klee_init_env.c:555,__klee_posix_ctor_stub_insert_point,runtime/POSIX/./klee_init_env.c,555,__user_main at runtime/POSIX/./klee_init_env.c:563,__user_main,runtime/POSIX/./klee_init_env.c,563,__uClibc_main at libc/misc/internals/__uClibc_main.c:401,__uClibc_main,libc/misc/internals/__uClibc_main.c,401,main,main,,0
3831597342548969071,33349041,flush (unnecessary),43,flush_clwb at nvmbugs/005_nvm_direct/original_lib/pmem.c:374,flush_clwb,nvmbugs/005_nvm_direct/original_lib/pmem.c,374,pmem_flush at nvmbugs/005_nvm_direct/original_lib/pmem.c:417,pmem_flush,nvmbugs/005_nvm_direct/original_lib/pmem.c,417,nvms_flush at nvmbugs/005_nvm_direct/original_lib/nvms_misc.c:112,nvms_flush,nvmbugs/005_nvm_direct/original_lib/nvms_misc.c,112,nvm_persist at nvmbugs/005_nvm_direct/original_lib/nvm_misc.c:525,nvm_persist,nvmbugs/005_nvm_direct/original_lib/nvm_misc.c,525,nvm_add_oper at nvmbugs/005_nvm_direct/original_lib/nvm_transaction.c:1430,nvm_add_oper,nvmbugs/005_nvm_direct/original_lib/nvm_transaction.c,1430,nvm_undo at nvmbugs/005_nvm_direct/original_lib/nvm_transaction.c:1763,nvm_undo,nvmbugs/005_nvm_direct/original_lib/nvm_transaction.c,1763,nvm_alloc at nvmbugs/005_nvm_direct/original_lib/nvm_heap.c:1650,nvm_alloc,nvmbugs/005_nvm_direct/original_lib/nvm_heap.c,1650,nvm_add_extent at nvmbugs/005_nvm_direct/original_lib/nvm_region.c:2131,nvm_add_extent,nvmbugs/005_nvm_direct/original_lib/nvm_region.c,2131,__klee_posix_wrapped_main at nvmbugs/005_nvm_direct/allocs.c:100,__klee_posix_wrapped_main,nvmbugs/005_nvm_direct/allocs.c,100,__klee_posix_ctor_stub_insert_point at runtime/POSIX/./klee_init_env.c:555,__klee_posix_ctor_stub_insert_point,runtime/POSIX/./klee_init_env.c,555,__user_main at runtime/POSIX/./klee_init_env.c:563,__user_main,runtime/POSIX/./klee_init_env.c,563,__uClibc_main at libc/misc/internals/__uClibc_main.c:401,__uClibc_main,libc/misc/internals/__uClibc_main.c,401,main,main,,0
8414121735053003092,30790563,flush (unnecessary),43,flush_clwb at nvmbugs/005_nvm_direct/original_lib/pmem.c:374,flush_clwb,nvmbugs/005_nvm_direct/original_lib/pmem.c,374,pmem_flush at nvmbugs/005_nvm_direct/original_lib/pmem.c:417,pmem_flush,nvmbugs/005_nvm_direct/original_lib/pmem.c,417,nvms_flush at nvmbugs/005_nvm_direct/original_lib/nvms_misc.c:112,nvms_flush,nvmbugs/005_nvm_direct/original_lib/nvms_misc.c,112,nvm_persist at nvmbugs/005_nvm_direct/original_lib/nvm_misc.c:525,nvm_persist,nvmbugs/005_nvm_direct/original_lib/nvm_misc.c,525,nvm_add_oper at nvmbugs/005_nvm_direct/original_lib/nvm_transaction.c:1430,nvm_add_oper,nvmbugs/005_nvm_direct/original_lib/nvm_transaction.c,1430,nvm_undo at nvmbugs/005_nvm_direct/original_lib/nvm_transaction.c:1763,nvm_undo,nvmbugs/005_nvm_direct/original_lib/nvm_transaction.c,1763,nvm_freelist_link at nvmbugs/005_nvm_direct/original_lib/nvm_heap.c:2934,nvm_freelist_link,nvmbugs/005_nvm_direct/original_lib/nvm_heap.c,2934,nvm_alloc_blk at nvmbugs/005_nvm_direct/original_lib/nvm_heap.c:3312,nvm_alloc_blk,nvmbugs/005_nvm_direct/original_lib/nvm_heap.c,3312,nvm_alloc at nvmbugs/005_nvm_direct/original_lib/nvm_heap.c:1631,nvm_alloc,nvmbugs/005_nvm_direct/original_lib/nvm_heap.c,1631,nvm_create_mutex_array1 at nvmbugs/005_nvm_direct/original_lib/nvm_locks.c:321,nvm_create_mutex_array1,nvmbugs/005_nvm_direct/original_lib/nvm_locks.c,321,nvm_create_region at nvmbugs/005_nvm_direct/original_lib/nvm_region.c:619,nvm_create_region,nvmbugs/005_nvm_direct/original_lib/nvm_region.c,619,__klee_posix_wrapped_main at nvmbugs/005_nvm_direct/allocs.c:72,__klee_posix_wrapped_main,nvmbugs/005_nvm_direct/allocs.c,72,__klee_posix_ctor_stub_insert_point at runtime/POSIX/./klee_init_env.c:555,__klee_posix_ctor_stub_insert_point,runtime/POSIX/./klee_init_env.c,555,__user_main at runtime/POSIX/./klee_init_env.c:563,__user_main,runtime/POSIX/./klee_init_env.c,563,__uClibc_main at libc/misc/internals/__uClibc_main.c:401,__uClibc_main,libc/misc/internals/__uClibc_main.c,401,main,main,,0
16025855124798388762,1092637757,flush (unnecessary),12,flush_clwb at nvmbugs/005_nvm_direct/original_lib/pmem.c:374,flush_clwb,nvmbugs/005_nvm_direct/original_lib/pmem.c,374,pmem_flush at nvmbugs/005_nvm_direct/original_lib/pmem.c:417,pmem_flush,nvmbugs/005_nvm_direct/original_lib/pmem.c,417,nvms_flush at nvmbugs/005_nvm_direct/original_lib/nvms_misc.c:112,nvms_flush,nvmbugs/005_nvm_direct/original_lib/nvms_misc.c,112,nvm_persist at nvmbugs/005_nvm_direct/original_lib/nvm_misc.c:525,nvm_persist,nvmbugs/005_nvm_direct/original_lib/nvm_misc.c,525,nvm_commit at nvmbugs/005_nvm_direct/original_lib/nvm_transaction.c:2751,nvm_commit,nvmbugs/005_nvm_direct/original_lib/nvm_transaction.c,2751,nvm_txend at nvmbugs/005_nvm_direct/original_lib/nvm_transaction.c:793,nvm_txend,nvmbugs/005_nvm_direct/original_lib/nvm_transaction.c,793,nvm_commit at nvmbugs/005_nvm_direct/original_lib/nvm_transaction.c:2864,nvm_commit,nvmbugs/005_nvm_direct/original_lib/nvm_transaction.c,2864,nvm_txend at nvmbugs/005_nvm_direct/original_lib/nvm_transaction.c:836,nvm_txend,nvmbugs/005_nvm_direct/original_lib/nvm_transaction.c,836,__klee_posix_wrapped_main at nvmbugs/005_nvm_direct/allocs.c:281,__klee_posix_wrapped_main,nvmbugs/005_nvm_direct/allocs.c,281,__klee_posix_ctor_stub_insert_point at runtime/POSIX/./klee_init_env.c:555,__klee_posix_ctor_stub_insert_point,runtime/POSIX/./klee_init_env.c,555,__user_main at runtime/POSIX/./klee_init_env.c:563,__user_main,runtime/POSIX/./klee_init_env.c,563,__uClibc_main at libc/misc/internals/__uClibc_main.c:401,__uClibc_main,libc/misc/internals/__uClibc_main.c,401,main,main,,0
6925478486893886018,30730329,flush (unnecessary),43,flush_clwb at nvmbugs/005_nvm_direct/original_lib/pmem.c:374,flush_clwb,nvmbugs/005_nvm_direct/original_lib/pmem.c,374,pmem_flush at nvmbugs/005_nvm_direct/original_lib/pmem.c:417,pmem_flush,nvmbugs/005_nvm_direct/original_lib/pmem.c,417,nvms_flush at nvmbugs/005_nvm_direct/original_lib/nvms_misc.c:112,nvms_flush,nvmbugs/005_nvm_direct/original_lib/nvms_misc.c,112,nvm_persist at nvmbugs/005_nvm_direct/original_lib/nvm_misc.c:525,nvm_persist,nvmbugs/005_nvm_direct/original_lib/nvm_misc.c,525,nvm_add_oper at nvmbugs/005_nvm_direct/original_lib/nvm_transaction.c:1430,nvm_add_oper,nvmbugs/005_nvm_direct/original_lib/nvm_transaction.c,1430,nvm_undo at nvmbugs/005_nvm_direct/original_lib/nvm_transaction.c:1763,nvm_undo,nvmbugs/005_nvm_direct/original_lib/nvm_transaction.c,1763,nvm_freelist_unlink at nvmbugs/005_nvm_direct/original_lib/nvm_heap.c:3051,nvm_freelist_unlink,nvmbugs/005_nvm_direct/original_lib/nvm_heap.c,3051,nvm_alloc_blk at nvmbugs/005_nvm_direct/original_lib/nvm_heap.c:3280,nvm_alloc_blk,nvmbugs/005_nvm_direct/original_lib/nvm_heap.c,3280,nvm_alloc at nvmbugs/005_nvm_direct/original_lib/nvm_heap.c:1631,nvm_alloc,nvmbugs/005_nvm_direct/original_lib/nvm_heap.c,1631,nvm_create_mutex_array1 at nvmbugs/005_nvm_direct/original_lib/nvm_locks.c:321,nvm_create_mutex_array1,nvmbugs/005_nvm_direct/original_lib/nvm_locks.c,321,nvm_create_region at nvmbugs/005_nvm_direct/original_lib/nvm_region.c:619,nvm_create_region,nvmbugs/005_nvm_direct/original_lib/nvm_region.c,619,__klee_posix_wrapped_main at nvmbugs/005_nvm_direct/allocs.c:72,__klee_posix_wrapped_main,nvmbugs/005_nvm_direct/allocs.c,72,__klee_posix_ctor_stub_insert_point at runtime/POSIX/./klee_init_env.c:555,__klee_posix_ctor_stub_insert_point,runtime/POSIX/./klee_init_env.c,555,__user_main at runtime/POSIX/./klee_init_env.c:563,__user_main,runtime/POSIX/./klee_init_env.c,563,__uClibc_main at libc/misc/internals/__uClibc_main.c:401,__uClibc_main,libc/misc/internals/__uClibc_main.c,401,main,main,,0
4824757846066546867,257116567,flush (unnecessary),43,flush_clwb at nvmbugs/005_nvm_direct/original_lib/pmem.c:374,flush_clwb,nvmbugs/005_nvm_direct/original_lib/pmem.c,374,pmem_flush at nvmbugs/005_nvm_direct/original_lib/pmem.c:417,pmem_flush,nvmbugs/005_nvm_direct/original_lib/pmem.c,417,nvms_flush at nvmbugs/005_nvm_direct/original_lib/nvms_misc.c:112,nvms_flush,nvmbugs/005_nvm_direct/original_lib/nvms_misc.c,112,nvm_flush1 at nvmbugs/005_nvm_direct/original_lib/nvm_misc.c:480,nvm_flush1,nvmbugs/005_nvm_direct/original_lib/nvm_misc.c,480,nvm_finishNT at nvmbugs/005_nvm_direct/original_lib/nvm_heap.c:584,nvm_finishNT,nvmbugs/005_nvm_direct/original_lib/nvm_heap.c,584,nvm_create_heap at nvmbugs/005_nvm_direct/original_lib/nvm_heap.c:741,nvm_create_heap,nvmbugs/005_nvm_direct/original_lib/nvm_heap.c,741,__klee_posix_wrapped_main at nvmbugs/005_nvm_direct/allocs.c:125,__klee_posix_wrapped_main,nvmbugs/005_nvm_direct/allocs.c,125,__klee_posix_ctor_stub_insert_point at runtime/POSIX/./klee_init_env.c:555,__klee_posix_ctor_stub_insert_point,runtime/POSIX/./klee_init_env.c,555,__user_main at runtime/POSIX/./klee_init_env.c:563,__user_main,runtime/POSIX/./klee_init_env.c,563,__uClibc_main at libc/misc/internals/__uClibc_main.c:401,__uClibc_main,libc/misc/internals/__uClibc_main.c,401,main,main,,0
4574026684411344207,133587569,flush (unnecessary),43,flush_clwb at nvmbugs/005_nvm_direct/original_lib/pmem.c:374,flush_clwb,nvmbugs/005_nvm_direct/original_lib/pmem.c,374,pmem_flush at nvmbugs/005_nvm_direct/original_lib/pmem.c:417,pmem_flush,nvmbugs/005_nvm_direct/original_lib/pmem.c,417,nvms_flush at nvmbugs/005_nvm_direct/original_lib/nvms_misc.c:112,nvms_flush,nvmbugs/005_nvm_direct/original_lib/nvms_misc.c,112,nvm_persist at nvmbugs/005_nvm_direct/original_lib/nvm_misc.c:525,nvm_persist,nvmbugs/005_nvm_direct/original_lib/nvm_misc.c,525,nvm_add_oper at nvmbugs/005_nvm_direct/original_lib/nvm_transaction.c:1430,nvm_add_oper,nvmbugs/005_nvm_direct/original_lib/nvm_transaction.c,1430,nvm_undo at nvmbugs/005_nvm_direct/original_lib/nvm_transaction.c:1763,nvm_undo,nvmbugs/005_nvm_direct/original_lib/nvm_transaction.c,1763,nvm_add_extent at nvmbugs/005_nvm_direct/original_lib/nvm_region.c:2216,nvm_add_extent,nvmbugs/005_nvm_direct/original_lib/nvm_region.c,2216,nvm_create_heap at nvmbugs/005_nvm_direct/original_lib/nvm_heap.c:727,nvm_create_heap,nvmbugs/005_nvm_direct/original_lib/nvm_heap.c,727,__klee_posix_wrapped_main at nvmbugs/005_nvm_direct/allocs.c:125,__klee_posix_wrapped_main,nvmbugs/005_nvm_direct/allocs.c,125,__klee_posix_ctor_stub_insert_point at runtime/POSIX/./klee_init_env.c:555,__klee_posix_ctor_stub_insert_point,runtime/POSIX/./klee_init_env.c,555,__user_main at runtime/POSIX/./klee_init_env.c:563,__user_main,runtime/POSIX/./klee_init_env.c,563,__uClibc_main at libc/misc/internals/__uClibc_main.c:401,__uClibc_main,libc/misc/internals/__uClibc_main.c,401,main,main,,0
2180166538188670340,32630845,flush (unnecessary),86,flush_clwb at nvmbugs/005_nvm_direct/original_lib/pmem.c:374,flush_clwb,nvmbugs/005_nvm_direct/original_lib/pmem.c,374,pmem_flush at nvmbugs/005_nvm_direct/original_lib/pmem.c:417,pmem_flush,nvmbugs/005_nvm_direct/original_lib/pmem.c,417,nvms_flush at nvmbugs/005_nvm_direct/original_lib/nvms_misc.c:112,nvms_flush,nvmbugs/005_nvm_direct/original_lib/nvms_misc.c,112,nvm_persist at nvmbugs/005_nvm_direct/original_lib/nvm_misc.c:525,nvm_persist,nvmbugs/005_nvm_direct/original_lib/nvm_misc.c,525,nvm_add_oper at nvmbugs/005_nvm_direct/original_lib/nvm_transaction.c:1430,nvm_add_oper,nvmbugs/005_nvm_direct/original_lib/nvm_transaction.c,1430,nvm_undo at nvmbugs/005_nvm_direct/original_lib/nvm_transaction.c:1763,nvm_undo,nvmbugs/005_nvm_direct/original_lib/nvm_transaction.c,1763,nvm_alloc_blk at nvmbugs/005_nvm_direct/original_lib/nvm_heap.c:3295,nvm_alloc_blk,nvmbugs/005_nvm_direct/original_lib/nvm_heap.c,3295,nvm_alloc at nvmbugs/005_nvm_direct/original_lib/nvm_heap.c:1631,nvm_alloc,nvmbugs/005_nvm_direct/original_lib/nvm_heap.c,1631,__klee_posix_wrapped_main at nvmbugs/005_nvm_direct/allocs.c:83,__klee_posix_wrapped_main,nvmbugs/005_nvm_direct/allocs.c,83,__klee_posix_ctor_stub_insert_point at runtime/POSIX/./klee_init_env.c:555,__klee_posix_ctor_stub_insert_point,runtime/POSIX/./klee_init_env.c,555,__user_main at runtime/POSIX/./klee_init_env.c:563,__user_main,runtime/POSIX/./klee_init_env.c,563,__uClibc_main at libc/misc/internals/__uClibc_main.c:401,__uClibc_main,libc/misc/internals/__uClibc_main.c,401,main,main,,0
3395240591290116170,32589068,flush (unnecessary),43,flush_clwb at nvmbugs/005_nvm_direct/original_lib/pmem.c:374,flush_clwb,nvmbugs/005_nvm_direct/original_lib/pmem.c,374,pmem_flush at nvmbugs/005_nvm_direct/original_lib/pmem.c:417,pmem_flush,nvmbugs/005_nvm_direct/original_lib/pmem.c,417,nvms_flush at nvmbugs/005_nvm_direct/original_lib/nvms_misc.c:112,nvms_flush,nvmbugs/005_nvm_direct/original_lib/nvms_misc.c,112,nvm_persist at nvmbugs/005_nvm_direct/original_lib/nvm_misc.c:525,nvm_persist,nvmbugs/005_nvm_direct/original_lib/nvm_misc.c,525,nvm_add_oper at nvmbugs/005_nvm_direct/original_lib/nvm_transaction.c:1430,nvm_add_oper,nvmbugs/005_nvm_direct/original_lib/nvm_transaction.c,1430,nvm_undo at nvmbugs/005_nvm_direct/original_lib/nvm_transaction.c:1763,nvm_undo,nvmbugs/005_nvm_direct/original_lib/nvm_transaction.c,1763,nvm_freelist_unlink at nvmbugs/005_nvm_direct/original_lib/nvm_heap.c:3027,nvm_freelist_unlink,nvmbugs/005_nvm_direct/original_lib/nvm_heap.c,3027,nvm_alloc_blk at nvmbugs/005_nvm_direct/original_lib/nvm_heap.c:3280,nvm_alloc_blk,nvmbugs/005_nvm_direct/original_lib/nvm_heap.c,3280,nvm_alloc at nvmbugs/005_nvm_direct/original_lib/nvm_heap.c:1631,nvm_alloc,nvmbugs/005_nvm_direct/original_lib/nvm_heap.c,1631,__klee_posix_wrapped_main at nvmbugs/005_nvm_direct/allocs.c:83,__klee_posix_wrapped_main,nvmbugs/005_nvm_direct/allocs.c,83,__klee_posix_ctor_stub_insert_point at runtime/POSIX/./klee_init_env.c:555,__klee_posix_ctor_stub_insert_point,runtime/POSIX/./klee_init_env.c,555,__user_main at runtime/POSIX/./klee_init_env.c:563,__user_main,runtime/POSIX/./klee_init_env.c,563,__uClibc_main at libc/misc/internals/__uClibc_main.c:401,__uClibc_main,libc/misc/internals/__uClibc_main.c,401,main,main,,0
18232588678307219040,30748217,flush (unnecessary),86,flush_clwb at nvmbugs/005_nvm_direct/original_lib/pmem.c:374,flush_clwb,nvmbugs/005_nvm_direct/original_lib/pmem.c,374,pmem_flush at nvmbugs/005_nvm_direct/original_lib/pmem.c:417,pmem_flush,nvmbugs/005_nvm_direct/original_lib/pmem.c,417,nvms_flush at nvmbugs/005_nvm_direct/original_lib/nvms_misc.c:112,nvms_flush,nvmbugs/005_nvm_direct/original_lib/nvms_misc.c,112,nvm_persist at nvmbugs/005_nvm_direct/original_lib/nvm_misc.c:525,nvm_persist,nvmbugs/005_nvm_direct/original_lib/nvm_misc.c,525,nvm_add_oper at nvmbugs/005_nvm_direct/original_lib/nvm_transaction.c:1430,nvm_add_oper,nvmbugs/005_nvm_direct/original_lib/nvm_transaction.c,1430,nvm_undo at nvmbugs/005_nvm_direct/original_lib/nvm_transaction.c:1763,nvm_undo,nvmbugs/005_nvm_direct/original_lib/nvm_transaction.c,1763,nvm_alloc_blk at nvmbugs/005_nvm_direct/original_lib/nvm_heap.c:3295,nvm_alloc_blk,nvmbugs/005_nvm_direct/original_lib/nvm_heap.c,3295,nvm_alloc at nvmbugs/005_nvm_direct/original_lib/nvm_heap.c:1631,nvm_alloc,nvmbugs/005_nvm_direct/original_lib/nvm_heap.c,1631,nvm_create_mutex_array1 at nvmbugs/005_nvm_direct/original_lib/nvm_locks.c:321,nvm_create_mutex_array1,nvmbugs/005_nvm_direct/original_lib/nvm_locks.c,321,nvm_create_region at nvmbugs/005_nvm_direct/original_lib/nvm_region.c:619,nvm_create_region,nvmbugs/005_nvm_direct/original_lib/nvm_region.c,619,__klee_posix_wrapped_main at nvmbugs/005_nvm_direct/allocs.c:72,__klee_posix_wrapped_main,nvmbugs/005_nvm_direct/allocs.c,72,__klee_posix_ctor_stub_insert_point at runtime/POSIX/./klee_init_env.c:555,__klee_posix_ctor_stub_insert_point,runtime/POSIX/./klee_init_env.c,555,__user_main at runtime/POSIX/./klee_init_env.c:563,__user_main,runtime/POSIX/./klee_init_env.c,563,__uClibc_main at libc/misc/internals/__uClibc_main.c:401,__uClibc_main,libc/misc/internals/__uClibc_main.c,401,main,main,,0
7669023352326398313,1075563728,flush (unnecessary),504,flush_clwb at nvmbugs/005_nvm_direct/original_lib/pmem.c:374,flush_clwb,nvmbugs/005_nvm_direct/original_lib/pmem.c,374,pmem_flush at nvmbugs/005_nvm_direct/original_lib/pmem.c:417,pmem_flush,nvmbugs/005_nvm_direct/original_lib/pmem.c,417,nvms_flush at nvmbugs/005_nvm_direct/original_lib/nvms_misc.c:112,nvms_flush,nvmbugs/005_nvm_direct/original_lib/nvms_misc.c,112,nvm_persist at nvmbugs/005_nvm_direct/original_lib/nvm_misc.c:525,nvm_persist,nvmbugs/005_nvm_direct/original_lib/nvm_misc.c,525,nvm_add_oper at nvmbugs/005_nvm_direct/original_lib/nvm_transaction.c:1430,nvm_add_oper,nvmbugs/005_nvm_direct/original_lib/nvm_transaction.c,1430,nvm_undo at nvmbugs/005_nvm_direct/original_lib/nvm_transaction.c:1763,nvm_undo,nvmbugs/005_nvm_direct/original_lib/nvm_transaction.c,1763,branch_txset at nvmbugs/005_nvm_direct/types.h:34,branch_txset,nvmbugs/005_nvm_direct/types.h,34,__klee_posix_wrapped_main at nvmbugs/005_nvm_direct/allocs.c:279,__klee_posix_wrapped_main,nvmbugs/005_nvm_direct/allocs.c,279,__klee_posix_ctor_stub_insert_point at runtime/POSIX/./klee_init_env.c:555,__klee_posix_ctor_stub_insert_point,runtime/POSIX/./klee_init_env.c,555,__user_main at runtime/POSIX/./klee_init_env.c:563,__user_main,runtime/POSIX/./klee_init_env.c,563,__uClibc_main at libc/misc/internals/__uClibc_main.c:401,__uClibc_main,libc/misc/internals/__uClibc_main.c,401,main,main,,0
2977683868051578689,32755097,flush (unnecessary),43,flush_clwb at nvmbugs/005_nvm_direct/original_lib/pmem.c:374,flush_clwb,nvmbugs/005_nvm_direct/original_lib/pmem.c,374,pmem_flush at nvmbugs/005_nvm_direct/original_lib/pmem.c:417,pmem_flush,nvmbugs/005_nvm_direct/original_lib/pmem.c,417,nvms_flush at nvmbugs/005_nvm_direct/original_lib/nvms_misc.c:112,nvms_flush,nvmbugs/005_nvm_direct/original_lib/nvms_misc.c,112,nvm_persist at nvmbugs/005_nvm_direct/original_lib/nvm_misc.c:525,nvm_persist,nvmbugs/005_nvm_direct/original_lib/nvm_misc.c,525,nvm_add_oper at nvmbugs/005_nvm_direct/original_lib/nvm_transaction.c:1430,nvm_add_oper,nvmbugs/005_nvm_direct/original_lib/nvm_transaction.c,1430,nvm_undo at nvmbugs/005_nvm_direct/original_lib/nvm_transaction.c:1763,nvm_undo,nvmbugs/005_nvm_direct/original_lib/nvm_transaction.c,1763,nvm_alloc at nvmbugs/005_nvm_direct/original_lib/nvm_heap.c:1662,nvm_alloc,nvmbugs/005_nvm_direct/original_lib/nvm_heap.c,1662,__klee_posix_wrapped_main at nvmbugs/005_nvm_direct/allocs.c:83,__klee_posix_wrapped_main,nvmbugs/005_nvm_direct/allocs.c,83,__klee_posix_ctor_stub_insert_point at runtime/POSIX/./klee_init_env.c:555,__klee_posix_ctor_stub_insert_point,runtime/POSIX/./klee_init_env.c,555,__user_main at runtime/POSIX/./klee_init_env.c:563,__user_main,runtime/POSIX/./klee_init_env.c,563,__uClibc_main at libc/misc/internals/__uClibc_main.c:401,__uClibc_main,libc/misc/internals/__uClibc_main.c,401,main,main,,0
16841140024499538348,507654406,fence (unnecessary),43,predrain_fence_sfence at nvmbugs/005_nvm_direct/original_lib/pmem.c:279,predrain_fence_sfence,nvmbugs/005_nvm_direct/original_lib/pmem.c,279,drain_no_pcommit at nvmbugs/005_nvm_direct/original_lib/pmem.c:299,drain_no_pcommit,nvmbugs/005_nvm_direct/original_lib/pmem.c,299,pmem_drain at nvmbugs/005_nvm_direct/original_lib/pmem.c:336,pmem_drain,nvmbugs/005_nvm_direct/original_lib/pmem.c,336,nvms_persist at nvmbugs/005_nvm_direct/original_lib/nvms_misc.c:125,nvms_persist,nvmbugs/005_nvm_direct/original_lib/nvms_misc.c,125,nvm_persist at nvmbugs/005_nvm_direct/original_lib/nvm_misc.c:533,nvm_persist,nvmbugs/005_nvm_direct/original_lib/nvm_misc.c,533,nvm_txend at nvmbugs/005_nvm_direct/original_lib/nvm_transaction.c:873,nvm_txend,nvmbugs/005_nvm_direct/original_lib/nvm_transaction.c,873,nvm_query_extents at nvmbugs/005_nvm_direct/original_lib/nvm_region.c:3090,nvm_query_extents,nvmbugs/005_nvm_direct/original_lib/nvm_region.c,3090,report at nvmbugs/005_nvm_direct/allocs.c:320,report,nvmbugs/005_nvm_direct/allocs.c,320,__klee_posix_wrapped_main at nvmbugs/005_nvm_direct/allocs.c:237,__klee_posix_wrapped_main,nvmbugs/005_nvm_direct/allocs.c,237,__klee_posix_ctor_stub_insert_point at runtime/POSIX/./klee_init_env.c:555,__klee_posix_ctor_stub_insert_point,runtime/POSIX/./klee_init_env.c,555,__user_main at runtime/POSIX/./klee_init_env.c:563,__user_main,runtime/POSIX/./klee_init_env.c,563,__uClibc_main at libc/misc/internals/__uClibc_main.c:401,__uClibc_main,libc/misc/internals/__uClibc_main.c,401,main,main,,0
9339136271700715336,257317550,fence (unnecessary),43,predrain_fence_sfence at nvmbugs/005_nvm_direct/original_lib/pmem.c:279,predrain_fence_sfence,nvmbugs/005_nvm_direct/original_lib/pmem.c,279,drain_no_pcommit at nvmbugs/005_nvm_direct/original_lib/pmem.c:299,drain_no_pcommit,nvmbugs/005_nvm_direct/original_lib/pmem.c,299,pmem_drain at nvmbugs/005_nvm_direct/original_lib/pmem.c:336,pmem_drain,nvmbugs/005_nvm_direct/original_lib/pmem.c,336,nvms_persist at nvmbugs/005_nvm_direct/original_lib/nvms_misc.c:125,nvms_persist,nvmbugs/005_nvm_direct/original_lib/nvms_misc.c,125,nvm_persist at nvmbugs/005_nvm_direct/original_lib/nvm_misc.c:533,nvm_persist,nvmbugs/005_nvm_direct/original_lib/nvm_misc.c,533,nvm_txend at nvmbugs/005_nvm_direct/original_lib/nvm_transaction.c:873,nvm_txend,nvmbugs/005_nvm_direct/original_lib/nvm_transaction.c,873,__klee_posix_wrapped_main at nvmbugs/005_nvm_direct/allocs.c:133,__klee_posix_wrapped_main,nvmbugs/005_nvm_direct/allocs.c,133,__klee_posix_ctor_stub_insert_point at runtime/POSIX/./klee_init_env.c:555,__klee_posix_ctor_stub_insert_point,runtime/POSIX/./klee_init_env.c,555,__user_main at runtime/POSIX/./klee_init_env.c:563,__user_main,runtime/POSIX/./klee_init_env.c,563,__uClibc_main at libc/misc/internals/__uClibc_main.c:401,__uClibc_main,libc/misc/internals/__uClibc_main.c,401,main,main,,0
6003493708249640338,32877796,fence (unnecessary),43,predrain_fence_sfence at nvmbugs/005_nvm_direct/original_lib/pmem.c:279,predrain_fence_sfence,nvmbugs/005_nvm_direct/original_lib/pmem.c,279,drain_no_pcommit at nvmbugs/005_nvm_direct/original_lib/pmem.c:299,drain_no_pcommit,nvmbugs/005_nvm_direct/original_lib/pmem.c,299,pmem_drain at nvmbugs/005_nvm_direct/original_lib/pmem.c:336,pmem_drain,nvmbugs/005_nvm_direct/original_lib/pmem.c,336,nvms_persist at nvmbugs/005_nvm_direct/original_lib/nvms_misc.c:125,nvms_persist,nvmbugs/005_nvm_direct/original_lib/nvms_misc.c,125,nvm_persist at nvmbugs/005_nvm_direct/original_lib/nvm_misc.c:533,nvm_persist,nvmbugs/005_nvm_direct/original_lib/nvm_misc.c,533,nvm_txend at nvmbugs/005_nvm_direct/original_lib/nvm_transaction.c:873,nvm_txend,nvmbugs/005_nvm_direct/original_lib/nvm_transaction.c,873,__klee_posix_wrapped_main at nvmbugs/005_nvm_direct/allocs.c:88,__klee_posix_wrapped_main,nvmbugs/005_nvm_direct/allocs.c,88,__klee_posix_ctor_stub_insert_point at runtime/POSIX/./klee_init_env.c:555,__klee_posix_ctor_stub_insert_point,runtime/POSIX/./klee_init_env.c,555,__user_main at runtime/POSIX/./klee_init_env.c:563,__user_main,runtime/POSIX/./klee_init_env.c,563,__uClibc_main at libc/misc/internals/__uClibc_main.c:401,__uClibc_main,libc/misc/internals/__uClibc_main.c,401,main,main,,0
9152313664412349549,30843408,flush (unnecessary),43,flush_clwb at nvmbugs/005_nvm_direct/original_lib/pmem.c:374,flush_clwb,nvmbugs/005_nvm_direct/original_lib/pmem.c,374,pmem_flush at nvmbugs/005_nvm_direct/original_lib/pmem.c:417,pmem_flush,nvmbugs/005_nvm_direct/original_lib/pmem.c,417,nvms_flush at nvmbugs/005_nvm_direct/original_lib/nvms_misc.c:112,nvms_flush,nvmbugs/005_nvm_direct/original_lib/nvms_misc.c,112,nvm_persist at nvmbugs/005_nvm_direct/original_lib/nvm_misc.c:525,nvm_persist,nvmbugs/005_nvm_direct/original_lib/nvm_misc.c,525,nvm_add_oper at nvmbugs/005_nvm_direct/original_lib/nvm_transaction.c:1430,nvm_add_oper,nvmbugs/005_nvm_direct/original_lib/nvm_transaction.c,1430,nvm_undo at nvmbugs/005_nvm_direct/original_lib/nvm_transaction.c:1763,nvm_undo,nvmbugs/005_nvm_direct/original_lib/nvm_transaction.c,1763,nvm_alloc at nvmbugs/005_nvm_direct/original_lib/nvm_heap.c:1662,nvm_alloc,nvmbugs/005_nvm_direct/original_lib/nvm_heap.c,1662,nvm_create_mutex_array1 at nvmbugs/005_nvm_direct/original_lib/nvm_locks.c:321,nvm_create_mutex_array1,nvmbugs/005_nvm_direct/original_lib/nvm_locks.c,321,nvm_create_region at nvmbugs/005_nvm_direct/original_lib/nvm_region.c:619,nvm_create_region,nvmbugs/005_nvm_direct/original_lib/nvm_region.c,619,__klee_posix_wrapped_main at nvmbugs/005_nvm_direct/allocs.c:72,__klee_posix_wrapped_main,nvmbugs/005_nvm_direct/allocs.c,72,__klee_posix_ctor_stub_insert_point at runtime/POSIX/./klee_init_env.c:555,__klee_posix_ctor_stub_insert_point,runtime/POSIX/./klee_init_env.c,555,__user_main at runtime/POSIX/./klee_init_env.c:563,__user_main,runtime/POSIX/./klee_init_env.c,563,__uClibc_main at libc/misc/internals/__uClibc_main.c:401,__uClibc_main,libc/misc/internals/__uClibc_main.c,401,main,main,,0
10198863000663927610,238667836,write (unpersisted),8560,memcpy at libc/string/memcpy.c:29,memcpy,libc/string/memcpy.c,29,_block_writev at runtime/POSIX/./buffers.c:387,_block_writev,runtime/POSIX/./buffers.c,387,_block_write at runtime/POSIX/./buffers.c:403,_block_write,runtime/POSIX/./buffers.c,403,_write_symbolic at runtime/POSIX/./symfs.c:64,_write_symbolic,runtime/POSIX/./symfs.c,64,_write_file at runtime/POSIX/./files.c:209,_write_file,runtime/POSIX/./files.c,209,_clean_write at runtime/POSIX/./fd.c:170,_clean_write,runtime/POSIX/./fd.c,170,_write at runtime/POSIX/./fd.c:413,_write,runtime/POSIX/./fd.c,413,pwrite at runtime/POSIX/./fd.c:426,pwrite,runtime/POSIX/./fd.c,426,nvms_alloc_range at nvmbugs/005_nvm_direct/original_lib/nvms_region.c:633,nvms_alloc_range,nvmbugs/005_nvm_direct/original_lib/nvms_region.c,633,nvm_add_extent at nvmbugs/005_nvm_direct/original_lib/nvm_region.c:2239,nvm_add_extent,nvmbugs/005_nvm_direct/original_lib/nvm_region.c,2239,nvm_create_heap at nvmbugs/005_nvm_direct/original_lib/nvm_heap.c:727,nvm_create_heap,nvmbugs/005_nvm_direct/original_lib/nvm_heap.c,727,__klee_posix_wrapped_main at nvmbugs/005_nvm_direct/allocs.c:125,__klee_posix_wrapped_main,nvmbugs/005_nvm_direct/allocs.c,125,__klee_posix_ctor_stub_insert_point at runtime/POSIX/./klee_init_env.c:555,__klee_posix_ctor_stub_insert_point,runtime/POSIX/./klee_init_env.c,555,__user_main at runtime/POSIX/./klee_init_env.c:563,__user_main,runtime/POSIX/./klee_init_env.c,563,__uClibc_main at libc/misc/internals/__uClibc_main.c:401,__uClibc_main,libc/misc/internals/__uClibc_main.c,401,main,main,,0
1068305560203809155,257659533,flush (unnecessary),43,flush_clwb at nvmbugs/005_nvm_direct/original_lib/pmem.c:374,flush_clwb,nvmbugs/005_nvm_direct/original_lib/pmem.c,374,pmem_flush at nvmbugs/005_nvm_direct/original_lib/pmem.c:417,pmem_flush,nvmbugs/005_nvm_direct/original_lib/pmem.c,417,nvms_flush at nvmbugs/005_nvm_direct/original_lib/nvms_misc.c:112,nvms_flush,nvmbugs/005_nvm_direct/original_lib/nvms_misc.c,112,nvm_persist at nvmbugs/005_nvm_direct/original_lib/nvm_misc.c:525,nvm_persist,nvmbugs/005_nvm_direct/original_lib/nvm_misc.c,525,nvm_add_oper at nvmbugs/005_nvm_direct/original_lib/nvm_transaction.c:1430,nvm_add_oper,nvmbugs/005_nvm_direct/original_lib/nvm_transaction.c,1430,nvm_onunlock at nvmbugs/005_nvm_direct/original_lib/nvm_transaction.c:2454,nvm_onunlock,nvmbugs/005_nvm_direct/original_lib/nvm_transaction.c,2454,nvm_set_txconfig at nvmbugs/005_nvm_direct/original_lib/nvm_transaction.c:4587,nvm_set_txconfig,nvmbugs/005_nvm_direct/original_lib/nvm_transaction.c,4587,__klee_posix_wrapped_main at nvmbugs/005_nvm_direct/allocs.c:151,__klee_posix_wrapped_main,nvmbugs/005_nvm_direct/allocs.c,151,__klee_posix_ctor_stub_insert_point at runtime/POSIX/./klee_init_env.c:555,__klee_posix_ctor_stub_insert_point,runtime/POSIX/./klee_init_env.c,555,__user_main at runtime/POSIX/./klee_init_env.c:563,__user_main,runtime/POSIX/./klee_init_env.c,563,__uClibc_main at libc/misc/internals/__uClibc_main.c:401,__uClibc_main,libc/misc/internals/__uClibc_main.c,401,main,main,,0
3396484308502646781,30703582,flush (unnecessary),86,flush_clwb at nvmbugs/005_nvm_direct/original_lib/pmem.c:374,flush_clwb,nvmbugs/005_nvm_direct/original_lib/pmem.c,374,pmem_flush at nvmbugs/005_nvm_direct/original_lib/pmem.c:417,pmem_flush,nvmbugs/005_nvm_direct/original_lib/pmem.c,417,nvms_flush at nvmbugs/005_nvm_direct/original_lib/nvms_misc.c:112,nvms_flush,nvmbugs/005_nvm_direct/original_lib/nvms_misc.c,112,nvm_persist at nvmbugs/005_nvm_direct/original_lib/nvm_misc.c:525,nvm_persist,nvmbugs/005_nvm_direct/original_lib/nvm_misc.c,525,nvm_add_oper at nvmbugs/005_nvm_direct/original_lib/nvm_transaction.c:1430,nvm_add_oper,nvmbugs/005_nvm_direct/original_lib/nvm_transaction.c,1430,nvm_undo at nvmbugs/005_nvm_direct/original_lib/nvm_transaction.c:1763,nvm_undo,nvmbugs/005_nvm_direct/original_lib/nvm_transaction.c,1763,nvm_blk_undo at nvmbugs/005_nvm_direct/original_lib/nvm_heap.c:2854,nvm_blk_undo,nvmbugs/005_nvm_direct/original_lib/nvm_heap.c,2854,nvm_alloc_blk at nvmbugs/005_nvm_direct/original_lib/nvm_heap.c:3275,nvm_alloc_blk,nvmbugs/005_nvm_direct/original_lib/nvm_heap.c,3275,nvm_alloc at nvmbugs/005_nvm_direct/original_lib/nvm_heap.c:1631,nvm_alloc,nvmbugs/005_nvm_direct/original_lib/nvm_heap.c,1631,nvm_create_mutex_array1 at nvmbugs/005_nvm_direct/original_lib/nvm_locks.c:321,nvm_create_mutex_array1,nvmbugs/005_nvm_direct/original_lib/nvm_locks.c,321,nvm_create_region at nvmbugs/005_nvm_direct/original_lib/nvm_region.c:619,nvm_create_region,nvmbugs/005_nvm_direct/original_lib/nvm_region.c,619,__klee_posix_wrapped_main at nvmbugs/005_nvm_direct/allocs.c:72,__klee_posix_wrapped_main,nvmbugs/005_nvm_direct/allocs.c,72,__klee_posix_ctor_stub_insert_point at runtime/POSIX/./klee_init_env.c:555,__klee_posix_ctor_stub_insert_point,runtime/POSIX/./klee_init_env.c,555,__user_main at runtime/POSIX/./klee_init_env.c:563,__user_main,runtime/POSIX/./klee_init_env.c,563,__uClibc_main at libc/misc/internals/__uClibc_main.c:401,__uClibc_main,libc/misc/internals/__uClibc_main.c,401,main,main,,0
18180416835645097461,32570399,flush (unnecessary),86,flush_clwb at nvmbugs/005_nvm_direct/original_lib/pmem.c:374,flush_clwb,nvmbugs/005_nvm_direct/original_lib/pmem.c,374,pmem_flush at nvmbugs/005_nvm_direct/original_lib/pmem.c:417,pmem_flush,nvmbugs/005_nvm_direct/original_lib/pmem.c,417,nvms_flush at nvmbugs/005_nvm_direct/original_lib/nvms_misc.c:112,nvms_flush,nvmbugs/005_nvm_direct/original_lib/nvms_misc.c,112,nvm_persist at nvmbugs/005_nvm_direct/original_lib/nvm_misc.c:525,nvm_persist,nvmbugs/005_nvm_direct/original_lib/nvm_misc.c,525,nvm_add_oper at nvmbugs/005_nvm_direct/original_lib/nvm_transaction.c:1430,nvm_add_oper,nvmbugs/005_nvm_direct/original_lib/nvm_transaction.c,1430,nvm_undo at nvmbugs/005_nvm_direct/original_lib/nvm_transaction.c:1763,nvm_undo,nvmbugs/005_nvm_direct/original_lib/nvm_transaction.c,1763,nvm_blk_undo at nvmbugs/005_nvm_direct/original_lib/nvm_heap.c:2854,nvm_blk_undo,nvmbugs/005_nvm_direct/original_lib/nvm_heap.c,2854,nvm_alloc_blk at nvmbugs/005_nvm_direct/original_lib/nvm_heap.c:3275,nvm_alloc_blk,nvmbugs/005_nvm_direct/original_lib/nvm_heap.c,3275,nvm_alloc at nvmbugs/005_nvm_direct/original_lib/nvm_heap.c:1631,nvm_alloc,nvmbugs/005_nvm_direct/original_lib/nvm_heap.c,1631,__klee_posix_wrapped_main at nvmbugs/005_nvm_direct/allocs.c:83,__klee_posix_wrapped_main,nvmbugs/005_nvm_direct/allocs.c,83,__klee_posix_ctor_stub_insert_point at runtime/POSIX/./klee_init_env.c:555,__klee_posix_ctor_stub_insert_point,runtime/POSIX/./klee_init_env.c,555,__user_main at runtime/POSIX/./klee_init_env.c:563,__user_main,runtime/POSIX/./klee_init_env.c,563,__uClibc_main at libc/misc/internals/__uClibc_main.c:401,__uClibc_main,libc/misc/internals/__uClibc_main.c,401,main,main,,0
4033545918439386098,12811383,flush (unnecessary),43,flush_clwb at nvmbugs/005_nvm_direct/original_lib/pmem.c:374,flush_clwb,nvmbugs/005_nvm_direct/original_lib/pmem.c,374,pmem_flush at nvmbugs/005_nvm_direct/original_lib/pmem.c:417,pmem_flush,nvmbugs/005_nvm_direct/original_lib/pmem.c,417,nvms_flush at nvmbugs/005_nvm_direct/original_lib/nvms_misc.c:112,nvms_flush,nvmbugs/005_nvm_direct/original_lib/nvms_misc.c,112,nvm_flush1 at nvmbugs/005_nvm_direct/original_lib/nvm_misc.c:480,nvm_flush1,nvmbugs/005_nvm_direct/original_lib/nvm_misc.c,480,nvm_allocNT at nvmbugs/005_nvm_direct/original_lib/nvm_heap.c:513,nvm_allocNT,nvmbugs/005_nvm_direct/original_lib/nvm_heap.c,513,nvm_create_trans_table at nvmbugs/005_nvm_direct/original_lib/nvm_transaction.c:4649,nvm_create_trans_table,nvmbugs/005_nvm_direct/original_lib/nvm_transaction.c,4649,nvm_create_region at nvmbugs/005_nvm_direct/original_lib/nvm_region.c:604,nvm_create_region,nvmbugs/005_nvm_direct/original_lib/nvm_region.c,604,__klee_posix_wrapped_main at nvmbugs/005_nvm_direct/allocs.c:72,__klee_posix_wrapped_main,nvmbugs/005_nvm_direct/allocs.c,72,__klee_posix_ctor_stub_insert_point at runtime/POSIX/./klee_init_env.c:555,__klee_posix_ctor_stub_insert_point,runtime/POSIX/./klee_init_env.c,555,__user_main at runtime/POSIX/./klee_init_env.c:563,__user_main,runtime/POSIX/./klee_init_env.c,563,__uClibc_main at libc/misc/internals/__uClibc_main.c:401,__uClibc_main,libc/misc/internals/__uClibc_main.c,401,main,main,,0
4971669709506029497,257088389,write (unpersisted),1070,nvm_blk_set at nvmbugs/005_nvm_direct/original_lib/nvm_heap0.h:89,nvm_blk_set,nvmbugs/005_nvm_direct/original_lib/nvm_heap0.h,89,nvm_create_baseheap at nvmbugs/005_nvm_direct/original_lib/nvm_heap.c:360,nvm_create_baseheap,nvmbugs/005_nvm_direct/original_lib/nvm_heap.c,360,nvm_create_heap at nvmbugs/005_nvm_direct/original_lib/nvm_heap.c:738,nvm_create_heap,nvmbugs/005_nvm_direct/original_lib/nvm_heap.c,738,__klee_posix_wrapped_main at nvmbugs/005_nvm_direct/allocs.c:125,__klee_posix_wrapped_main,nvmbugs/005_nvm_direct/allocs.c,125,__klee_posix_ctor_stub_insert_point at runtime/POSIX/./klee_init_env.c:555,__klee_posix_ctor_stub_insert_point,runtime/POSIX/./klee_init_env.c,555,__user_main at runtime/POSIX/./klee_init_env.c:563,__user_main,runtime/POSIX/./klee_init_env.c,563,__uClibc_main at libc/misc/internals/__uClibc_main.c:401,__uClibc_main,libc/misc/internals/__uClibc_main.c,401,main,main,,0
11513333829767031638,506590723,flush (unnecessary),43,flush_clwb at nvmbugs/005_nvm_direct/original_lib/pmem.c:374,flush_clwb,nvmbugs/005_nvm_direct/original_lib/pmem.c,374,pmem_flush at nvmbugs/005_nvm_direct/original_lib/pmem.c:417,pmem_flush,nvmbugs/005_nvm_direct/original_lib/pmem.c,417,nvms_flush at nvmbugs/005_nvm_direct/original_lib/nvms_misc.c:112,nvms_flush,nvmbugs/005_nvm_direct/original_lib/nvms_misc.c,112,nvm_persist at nvmbugs/005_nvm_direct/original_lib/nvm_misc.c:525,nvm_persist,nvmbugs/005_nvm_direct/original_lib/nvm_misc.c,525,nvm_add_oper at nvmbugs/005_nvm_direct/original_lib/nvm_transaction.c:1430,nvm_add_oper,nvmbugs/005_nvm_direct/original_lib/nvm_transaction.c,1430,nvm_undo at nvmbugs/005_nvm_direct/original_lib/nvm_transaction.c:1763,nvm_undo,nvmbugs/005_nvm_direct/original_lib/nvm_transaction.c,1763,nvm_blk_undo at nvmbugs/005_nvm_direct/original_lib/nvm_heap.c:2853,nvm_blk_undo,nvmbugs/005_nvm_direct/original_lib/nvm_heap.c,2853,nvm_resize_heap at nvmbugs/005_nvm_direct/original_lib/nvm_heap.c:986,nvm_resize_heap,nvmbugs/005_nvm_direct/original_lib/nvm_heap.c,986,__klee_posix_wrapped_main at nvmbugs/005_nvm_direct/allocs.c:231,__klee_posix_wrapped_main,nvmbugs/005_nvm_direct/allocs.c,231,__klee_posix_ctor_stub_insert_point at runtime/POSIX/./klee_init_env.c:555,__klee_posix_ctor_stub_insert_point,runtime/POSIX/./klee_init_env.c,555,__user_main at runtime/POSIX/./klee_init_env.c:563,__user_main,runtime/POSIX/./klee_init_env.c,563,__uClibc_main at libc/misc/internals/__uClibc_main.c:401,__uClibc_main,libc/misc/internals/__uClibc_main.c,401,main,main,,0
9578223803821608575,1092576828,flush (unnecessary),344,flush_clwb at nvmbugs/005_nvm_direct/original_lib/pmem.c:374,flush_clwb,nvmbugs/005_nvm_direct/original_lib/pmem.c,374,pmem_flush at nvmbugs/005_nvm_direct/original_lib/pmem.c:417,pmem_flush,nvmbugs/005_nvm_direct/original_lib/pmem.c,417,nvms_flush at nvmbugs/005_nvm_direct/original_lib/nvms_misc.c:112,nvms_flush,nvmbugs/005_nvm_direct/original_lib/nvms_misc.c,112,nvm_persist at nvmbugs/005_nvm_direct/original_lib/nvm_misc.c:525,nvm_persist,nvmbugs/005_nvm_direct/original_lib/nvm_misc.c,525,nvm_add_oper at nvmbugs/005_nvm_direct/original_lib/nvm_transaction.c:1430,nvm_add_oper,nvmbugs/005_nvm_direct/original_lib/nvm_transaction.c,1430,nvm_undo at nvmbugs/005_nvm_direct/original_lib/nvm_transaction.c:1763,nvm_undo,nvmbugs/005_nvm_direct/original_lib/nvm_transaction.c,1763,nvm_free_callback at nvmbugs/005_nvm_direct/original_lib/nvm_heap.c:1959,nvm_free_callback,nvmbugs/005_nvm_direct/original_lib/nvm_heap.c,1959,nvm_commit at nvmbugs/005_nvm_direct/original_lib/nvm_transaction.c:2861,nvm_commit,nvmbugs/005_nvm_direct/original_lib/nvm_transaction.c,2861,nvm_txend at nvmbugs/005_nvm_direct/original_lib/nvm_transaction.c:836,nvm_txend,nvmbugs/005_nvm_direct/original_lib/nvm_transaction.c,836,__klee_posix_wrapped_main at nvmbugs/005_nvm_direct/allocs.c:281,__klee_posix_wrapped_main,nvmbugs/005_nvm_direct/allocs.c,281,__klee_posix_ctor_stub_insert_point at runtime/POSIX/./klee_init_env.c:555,__klee_posix_ctor_stub_insert_point,runtime/POSIX/./klee_init_env.c,555,__user_main at runtime/POSIX/./klee_init_env.c:563,__user_main,runtime/POSIX/./klee_init_env.c,563,__uClibc_main at libc/misc/internals/__uClibc_main.c:401,__uClibc_main,libc/misc/internals/__uClibc_main.c,401,main,main,,0
16105008822981318557,33180095,flush (unnecessary),43,flush_clwb at nvmbugs/005_nvm_direct/original_lib/pmem.c:374,flush_clwb,nvmbugs/005_nvm_direct/original_lib/pmem.c,374,pmem_flush at nvmbugs/005_nvm_direct/original_lib/pmem.c:417,pmem_flush,nvmbugs/005_nvm_direct/original_lib/pmem.c,417,nvms_flush at nvmbugs/005_nvm_direct/original_lib/nvms_misc.c:112,nvms_flush,nvmbugs/005_nvm_direct/original_lib/nvms_misc.c,112,nvm_persist at nvmbugs/005_nvm_direct/original_lib/nvm_misc.c:525,nvm_persist,nvmbugs/005_nvm_direct/original_lib/nvm_misc.c,525,nvm_add_oper at nvmbugs/005_nvm_direct/original_lib/nvm_transaction.c:1430,nvm_add_oper,nvmbugs/005_nvm_direct/original_lib/nvm_transaction.c,1430,nvm_undo at nvmbugs/005_nvm_direct/original_lib/nvm_transaction.c:1763,nvm_undo,nvmbugs/005_nvm_direct/original_lib/nvm_transaction.c,1763,nvm_blk_undo at nvmbugs/005_nvm_direct/original_lib/nvm_heap.c:2854,nvm_blk_undo,nvmbugs/005_nvm_direct/original_lib/nvm_heap.c,2854,nvm_alloc_blk at nvmbugs/005_nvm_direct/original_lib/nvm_heap.c:3275,nvm_alloc_blk,nvmbugs/005_nvm_direct/original_lib/nvm_heap.c,3275,nvm_alloc at nvmbugs/005_nvm_direct/original_lib/nvm_heap.c:1631,nvm_alloc,nvmbugs/005_nvm_direct/original_lib/nvm_heap.c,1631,nvm_add_extent at nvmbugs/005_nvm_direct/original_lib/nvm_region.c:2131,nvm_add_extent,nvmbugs/005_nvm_direct/original_lib/nvm_region.c,2131,__klee_posix_wrapped_main at nvmbugs/005_nvm_direct/allocs.c:100,__klee_posix_wrapped_main,nvmbugs/005_nvm_direct/allocs.c,100,__klee_posix_ctor_stub_insert_point at runtime/POSIX/./klee_init_env.c:555,__klee_posix_ctor_stub_insert_point,runtime/POSIX/./klee_init_env.c,555,__user_main at runtime/POSIX/./klee_init_env.c:563,__user_main,runtime/POSIX/./klee_init_env.c,563,__uClibc_main at libc/misc/internals/__uClibc_main.c:401,__uClibc_main,libc/misc/internals/__uClibc_main.c,401,main,main,,0
14024212030767722659,257588225,fence (unnecessary),43,predrain_fence_sfence at nvmbugs/005_nvm_direct/original_lib/pmem.c:279,predrain_fence_sfence,nvmbugs/005_nvm_direct/original_lib/pmem.c,279,drain_no_pcommit at nvmbugs/005_nvm_direct/original_lib/pmem.c:299,drain_no_pcommit,nvmbugs/005_nvm_direct/original_lib/pmem.c,299,pmem_drain at nvmbugs/005_nvm_direct/original_lib/pmem.c:336,pmem_drain,nvmbugs/005_nvm_direct/original_lib/pmem.c,336,nvms_persist at nvmbugs/005_nvm_direct/original_lib/nvms_misc.c:125,nvms_persist,nvmbugs/005_nvm_direct/original_lib/nvms_misc.c,125,nvm_persist at nvmbugs/005_nvm_direct/original_lib/nvm_misc.c:533,nvm_persist,nvmbugs/005_nvm_direct/original_lib/nvm_misc.c,533,nvm_txend at nvmbugs/005_nvm_direct/original_lib/nvm_transaction.c:873,nvm_txend,nvmbugs/005_nvm_direct/original_lib/nvm_transaction.c,873,nvm_set_txconfig at nvmbugs/005_nvm_direct/original_lib/nvm_transaction.c:4539,nvm_set_txconfig,nvmbugs/005_nvm_direct/original_lib/nvm_transaction.c,4539,__klee_posix_wrapped_main at nvmbugs/005_nvm_direct/allocs.c:144,__klee_posix_wrapped_main,nvmbugs/005_nvm_direct/allocs.c,144,__klee_posix_ctor_stub_insert_point at runtime/POSIX/./klee_init_env.c:555,__klee_posix_ctor_stub_insert_point,runtime/POSIX/./klee_init_env.c,555,__user_main at runtime/POSIX/./klee_init_env.c:563,__user_main,runtime/POSIX/./klee_init_env.c,563,__uClibc_main at libc/misc/internals/__uClibc_main.c:401,__uClibc_main,libc/misc/internals/__uClibc_main.c,401,main,main,,0
1144840217539582666,30773381,flush (unnecessary),43,flush_clwb at nvmbugs/005_nvm_direct/original_lib/pmem.c:374,flush_clwb,nvmbugs/005_nvm_direct/original_lib/pmem.c,374,pmem_flush at nvmbugs/005_nvm_direct/original_lib/pmem.c:417,pmem_flush,nvmbugs/005_nvm_direct/original_lib/pmem.c,417,nvms_flush at nvmbugs/005_nvm_direct/original_lib/nvms_misc.c:112,nvms_flush,nvmbugs/005_nvm_direct/original_lib/nvms_misc.c,112,nvm_persist at nvmbugs/005_nvm_direct/original_lib/nvm_misc.c:525,nvm_persist,nvmbugs/005_nvm_direct/original_lib/nvm_misc.c,525,nvm_add_oper at nvmbugs/005_nvm_direct/original_lib/nvm_transaction.c:1430,nvm_add_oper,nvmbugs/005_nvm_direct/original_lib/nvm_transaction.c,1430,nvm_undo at nvmbugs/005_nvm_direct/original_lib/nvm_transaction.c:1763,nvm_undo,nvmbugs/005_nvm_direct/original_lib/nvm_transaction.c,1763,nvm_alloc_blk at nvmbugs/005_nvm_direct/original_lib/nvm_heap.c:3306,nvm_alloc_blk,nvmbugs/005_nvm_direct/original_lib/nvm_heap.c,3306,nvm_alloc at nvmbugs/005_nvm_direct/original_lib/nvm_heap.c:1631,nvm_alloc,nvmbugs/005_nvm_direct/original_lib/nvm_heap.c,1631,nvm_create_mutex_array1 at nvmbugs/005_nvm_direct/original_lib/nvm_locks.c:321,nvm_create_mutex_array1,nvmbugs/005_nvm_direct/original_lib/nvm_locks.c,321,nvm_create_region at nvmbugs/005_nvm_direct/original_lib/nvm_region.c:619,nvm_create_region,nvmbugs/005_nvm_direct/original_lib/nvm_region.c,619,__klee_posix_wrapped_main at nvmbugs/005_nvm_direct/allocs.c:72,__klee_posix_wrapped_main,nvmbugs/005_nvm_direct/allocs.c,72,__klee_posix_ctor_stub_insert_point at runtime/POSIX/./klee_init_env.c:555,__klee_posix_ctor_stub_insert_point,runtime/POSIX/./klee_init_env.c,555,__user_main at runtime/POSIX/./klee_init_env.c:563,__user_main,runtime/POSIX/./klee_init_env.c,563,__uClibc_main at libc/misc/internals/__uClibc_main.c:401,__uClibc_main,libc/misc/internals/__uClibc_main.c,401,main,main,,0
11162035887820731481,508607928,flush (unnecessary),214,flush_clwb at nvmbugs/005_nvm_direct/original_lib/pmem.c:374,flush_clwb,nvmbugs/005_nvm_direct/original_lib/pmem.c,374,pmem_flush at nvmbugs/005_nvm_direct/original_lib/pmem.c:417,pmem_flush,nvmbugs/005_nvm_direct/original_lib/pmem.c,417,nvms_flush at nvmbugs/005_nvm_direct/original_lib/nvms_misc.c:112,nvms_flush,nvmbugs/005_nvm_direct/original_lib/nvms_misc.c,112,nvm_persist at nvmbugs/005_nvm_direct/original_lib/nvm_misc.c:525,nvm_persist,nvmbugs/005_nvm_direct/original_lib/nvm_misc.c,525,nvm_txbegin at nvmbugs/005_nvm_direct/original_lib/nvm_transaction.c:545,nvm_txbegin,nvmbugs/005_nvm_direct/original_lib/nvm_transaction.c,545,__klee_posix_wrapped_main at nvmbugs/005_nvm_direct/allocs.c:289,__klee_posix_wrapped_main,nvmbugs/005_nvm_direct/allocs.c,289,__klee_posix_ctor_stub_insert_point at runtime/POSIX/./klee_init_env.c:555,__klee_posix_ctor_stub_insert_point,runtime/POSIX/./klee_init_env.c,555,__user_main at runtime/POSIX/./klee_init_env.c:563,__user_main,runtime/POSIX/./klee_init_env.c,563,__uClibc_main at libc/misc/internals/__uClibc_main.c:401,__uClibc_main,libc/misc/internals/__uClibc_main.c,401,main,main,,0
7949393839845638789,1768783902,flush (unnecessary),100,flush_clwb at nvmbugs/005_nvm_direct/original_lib/pmem.c:374,flush_clwb,nvmbugs/005_nvm_direct/original_lib/pmem.c,374,pmem_flush at nvmbugs/005_nvm_direct/original_lib/pmem.c:417,pmem_flush,nvmbugs/005_nvm_direct/original_lib/pmem.c,417,nvms_flush at nvmbugs/005_nvm_direct/original_lib/nvms_misc.c:112,nvms_flush,nvmbugs/005_nvm_direct/original_lib/nvms_misc.c,112,nvm_persist at nvmbugs/005_nvm_direct/original_lib/nvm_misc.c:525,nvm_persist,nvmbugs/005_nvm_direct/original_lib/nvm_misc.c,525,nvm_add_oper at nvmbugs/005_nvm_direct/original_lib/nvm_transaction.c:1430,nvm_add_oper,nvmbugs/005_nvm_direct/original_lib/nvm_transaction.c,1430,nvm_undo at nvmbugs/005_nvm_direct/original_lib/nvm_transaction.c:1763,nvm_undo,nvmbugs/005_nvm_direct/original_lib/nvm_transaction.c,1763,nvm_freelist_unlink at nvmbugs/005_nvm_direct/original_lib/nvm_heap.c:3013,nvm_freelist_unlink,nvmbugs/005_nvm_direct/original_lib/nvm_heap.c,3013,nvm_alloc_blk at nvmbugs/005_nvm_direct/original_lib/nvm_heap.c:3280,nvm_alloc_blk,nvmbugs/005_nvm_direct/original_lib/nvm_heap.c,3280,nvm_alloc at nvmbugs/005_nvm_direct/original_lib/nvm_heap.c:1631,nvm_alloc,nvmbugs/005_nvm_direct/original_lib/nvm_heap.c,1631,__klee_posix_wrapped_main at nvmbugs/005_nvm_direct/allocs.c:272,__klee_posix_wrapped_main,nvmbugs/005_nvm_direct/allocs.c,272,__klee_posix_ctor_stub_insert_point at runtime/POSIX/./klee_init_env.c:555,__klee_posix_ctor_stub_insert_point,runtime/POSIX/./klee_init_env.c,555,__user_main at runtime/POSIX/./klee_init_env.c:563,__user_main,runtime/POSIX/./klee_init_env.c,563,__uClibc_main at libc/misc/internals/__uClibc_main.c:401,__uClibc_main,libc/misc/internals/__uClibc_main.c,401,main,main,,0
16471198532234280419,32402782,flush (unnecessary),43,flush_clwb at nvmbugs/005_nvm_direct/original_lib/pmem.c:374,flush_clwb,nvmbugs/005_nvm_direct/original_lib/pmem.c,374,pmem_flush at nvmbugs/005_nvm_direct/original_lib/pmem.c:417,pmem_flush,nvmbugs/005_nvm_direct/original_lib/pmem.c,417,nvms_flush at nvmbugs/005_nvm_direct/original_lib/nvms_misc.c:112,nvms_flush,nvmbugs/005_nvm_direct/original_lib/nvms_misc.c,112,nvm_persist at nvmbugs/005_nvm_direct/original_lib/nvm_misc.c:525,nvm_persist,nvmbugs/005_nvm_direct/original_lib/nvm_misc.c,525,nvm_txbegin at nvmbugs/005_nvm_direct/original_lib/nvm_transaction.c:545,nvm_txbegin,nvmbugs/005_nvm_direct/original_lib/nvm_transaction.c,545,nvm_heap_test at nvmbugs/005_nvm_direct/original_lib/nvm_heap.c:2283,nvm_heap_test,nvmbugs/005_nvm_direct/original_lib/nvm_heap.c,2283,__klee_posix_wrapped_main at nvmbugs/005_nvm_direct/allocs.c:78,__klee_posix_wrapped_main,nvmbugs/005_nvm_direct/allocs.c,78,__klee_posix_ctor_stub_insert_point at runtime/POSIX/./klee_init_env.c:555,__klee_posix_ctor_stub_insert_point,runtime/POSIX/./klee_init_env.c,555,__user_main at runtime/POSIX/./klee_init_env.c:563,__user_main,runtime/POSIX/./klee_init_env.c,563,__uClibc_main at libc/misc/internals/__uClibc_main.c:401,__uClibc_main,libc/misc/internals/__uClibc_main.c,401,main,main,,0
5509211002282584483,32900362,flush (unnecessary),43,flush_clwb at nvmbugs/005_nvm_direct/original_lib/pmem.c:374,flush_clwb,nvmbugs/005_nvm_direct/original_lib/pmem.c,374,pmem_flush at nvmbugs/005_nvm_direct/original_lib/pmem.c:417,pmem_flush,nvmbugs/005_nvm_direct/original_lib/pmem.c,417,nvms_flush at nvmbugs/005_nvm_direct/original_lib/nvms_misc.c:112,nvms_flush,nvmbugs/005_nvm_direct/original_lib/nvms_misc.c,112,nvm_persist at nvmbugs/005_nvm_direct/original_lib/nvm_misc.c:525,nvm_persist,nvmbugs/005_nvm_direct/original_lib/nvm_misc.c,525,nvm_txbegin at nvmbugs/005_nvm_direct/original_lib/nvm_transaction.c:545,nvm_txbegin,nvmbugs/005_nvm_direct/original_lib/nvm_transaction.c,545,nvm_query_extents at nvmbugs/005_nvm_direct/original_lib/nvm_region.c:3039,nvm_query_extents,nvmbugs/005_nvm_direct/original_lib/nvm_region.c,3039,__klee_posix_wrapped_main at nvmbugs/005_nvm_direct/allocs.c:96,__klee_posix_wrapped_main,nvmbugs/005_nvm_direct/allocs.c,96,__klee_posix_ctor_stub_insert_point at runtime/POSIX/./klee_init_env.c:555,__klee_posix_ctor_stub_insert_point,runtime/POSIX/./klee_init_env.c,555,__user_main at runtime/POSIX/./klee_init_env.c:563,__user_main,runtime/POSIX/./klee_init_env.c,563,__uClibc_main at libc/misc/internals/__uClibc_main.c:401,__uClibc_main,libc/misc/internals/__uClibc_main.c,401,main,main,,0
2875717666827433274,258895178,flush (unnecessary),43,flush_clwb at nvmbugs/005_nvm_direct/original_lib/pmem.c:374,flush_clwb,nvmbugs/005_nvm_direct/original_lib/pmem.c,374,pmem_flush at nvmbugs/005_nvm_direct/original_lib/pmem.c:417,pmem_flush,nvmbugs/005_nvm_direct/original_lib/pmem.c,417,nvms_flush at nvmbugs/005_nvm_direct/original_lib/nvms_misc.c:112,nvms_flush,nvmbugs/005_nvm_direct/original_lib/nvms_misc.c,112,nvm_persist at nvmbugs/005_nvm_direct/original_lib/nvm_misc.c:525,nvm_persist,nvmbugs/005_nvm_direct/original_lib/nvm_misc.c,525,nvm_add_oper at nvmbugs/005_nvm_direct/original_lib/nvm_transaction.c:1430,nvm_add_oper,nvmbugs/005_nvm_direct/original_lib/nvm_transaction.c,1430,nvm_undo at nvmbugs/005_nvm_direct/original_lib/nvm_transaction.c:1763,nvm_undo,nvmbugs/005_nvm_direct/original_lib/nvm_transaction.c,1763,nvm_resize_extent1 at nvmbugs/005_nvm_direct/original_lib/nvm_region.c:2791,nvm_resize_extent1,nvmbugs/005_nvm_direct/original_lib/nvm_region.c,2791,nvm_resize_extent at nvmbugs/005_nvm_direct/original_lib/nvm_region.c:2661,nvm_resize_extent,nvmbugs/005_nvm_direct/original_lib/nvm_region.c,2661,__klee_posix_wrapped_main at nvmbugs/005_nvm_direct/allocs.c:162,__klee_posix_wrapped_main,nvmbugs/005_nvm_direct/allocs.c,162,__klee_posix_ctor_stub_insert_point at runtime/POSIX/./klee_init_env.c:555,__klee_posix_ctor_stub_insert_point,runtime/POSIX/./klee_init_env.c,555,__user_main at runtime/POSIX/./klee_init_env.c:563,__user_main,runtime/POSIX/./klee_init_env.c,563,__uClibc_main at libc/misc/internals/__uClibc_main.c:401,__uClibc_main,libc/misc/internals/__uClibc_main.c,401,main,main,,0
8858267045426904958,12765531,flush (unnecessary),43,flush_clwb at nvmbugs/005_nvm_direct/original_lib/pmem.c:374,flush_clwb,nvmbugs/005_nvm_direct/original_lib/pmem.c,374,pmem_flush at nvmbugs/005_nvm_direct/original_lib/pmem.c:417,pmem_flush,nvmbugs/005_nvm_direct/original_lib/pmem.c,417,nvms_flush at nvmbugs/005_nvm_direct/original_lib/nvms_misc.c:112,nvms_flush,nvmbugs/005_nvm_direct/original_lib/nvms_misc.c,112,nvm_flush at nvmbugs/005_nvm_direct/original_lib/nvm_misc.c:366,nvm_flush,nvmbugs/005_nvm_direct/original_lib/nvm_misc.c,366,nvm_create_baseheap at nvmbugs/005_nvm_direct/original_lib/nvm_heap.c:367,nvm_create_baseheap,nvmbugs/005_nvm_direct/original_lib/nvm_heap.c,367,nvm_create_rootheap at nvmbugs/005_nvm_direct/original_lib/nvm_heap.c:176,nvm_create_rootheap,nvmbugs/005_nvm_direct/original_lib/nvm_heap.c,176,nvm_create_region at nvmbugs/005_nvm_direct/original_lib/nvm_region.c:595,nvm_create_region,nvmbugs/005_nvm_direct/original_lib/nvm_region.c,595,__klee_posix_wrapped_main at nvmbugs/005_nvm_direct/allocs.c:72,__klee_posix_wrapped_main,nvmbugs/005_nvm_direct/allocs.c,72,__klee_posix_ctor_stub_insert_point at runtime/POSIX/./klee_init_env.c:555,__klee_posix_ctor_stub_insert_point,runtime/POSIX/./klee_init_env.c,555,__user_main at runtime/POSIX/./klee_init_env.c:563,__user_main,runtime/POSIX/./klee_init_env.c,563,__uClibc_main at libc/misc/internals/__uClibc_main.c:401,__uClibc_main,libc/misc/internals/__uClibc_main.c,401,main,main,,0
5453286227326795672,32433667,fence (unnecessary),43,predrain_fence_sfence at nvmbugs/005_nvm_direct/original_lib/pmem.c:279,predrain_fence_sfence,nvmbugs/005_nvm_direct/original_lib/pmem.c,279,drain_no_pcommit at nvmbugs/005_nvm_direct/original_lib/pmem.c:299,drain_no_pcommit,nvmbugs/005_nvm_direct/original_lib/pmem.c,299,pmem_drain at nvmbugs/005_nvm_direct/original_lib/pmem.c:336,pmem_drain,nvmbugs/005_nvm_direct/original_lib/pmem.c,336,nvms_persist at nvmbugs/005_nvm_direct/original_lib/nvms_misc.c:125,nvms_persist,nvmbugs/005_nvm_direct/original_lib/nvms_misc.c,125,nvm_persist at nvmbugs/005_nvm_direct/original_lib/nvm_misc.c:533,nvm_persist,nvmbugs/005_nvm_direct/original_lib/nvm_misc.c,533,nvm_commit at nvmbugs/005_nvm_direct/original_lib/nvm_transaction.c:2751,nvm_commit,nvmbugs/005_nvm_direct/original_lib/nvm_transaction.c,2751,nvm_heap_test at nvmbugs/005_nvm_direct/original_lib/nvm_heap.c:2298,nvm_heap_test,nvmbugs/005_nvm_direct/original_lib/nvm_heap.c,2298,__klee_posix_wrapped_main at nvmbugs/005_nvm_direct/allocs.c:78,__klee_posix_wrapped_main,nvmbugs/005_nvm_direct/allocs.c,78,__klee_posix_ctor_stub_insert_point at runtime/POSIX/./klee_init_env.c:555,__klee_posix_ctor_stub_insert_point,runtime/POSIX/./klee_init_env.c,555,__user_main at runtime/POSIX/./klee_init_env.c:563,__user_main,runtime/POSIX/./klee_init_env.c,563,__uClibc_main at libc/misc/internals/__uClibc_main.c:401,__uClibc_main,libc/misc/internals/__uClibc_main.c,401,main,main,,0
3406575850228862133,508037483,flush (unnecessary),214,flush_clwb at nvmbugs/005_nvm_direct/original_lib/pmem.c:374,flush_clwb,nvmbugs/005_nvm_direct/original_lib/pmem.c,374,pmem_flush at nvmbugs/005_nvm_direct/original_lib/pmem.c:417,pmem_flush,nvmbugs/005_nvm_direct/original_lib/pmem.c,417,nvms_flush at nvmbugs/005_nvm_direct/original_lib/nvms_misc.c:112,nvms_flush,nvmbugs/005_nvm_direct/original_lib/nvms_misc.c,112,nvm_persist at nvmbugs/005_nvm_direct/original_lib/nvm_misc.c:525,nvm_persist,nvmbugs/005_nvm_direct/original_lib/nvm_misc.c,525,nvm_txbegin at nvmbugs/005_nvm_direct/original_lib/nvm_transaction.c:545,nvm_txbegin,nvmbugs/005_nvm_direct/original_lib/nvm_transaction.c,545,nvm_query_extents at nvmbugs/005_nvm_direct/original_lib/nvm_region.c:3039,nvm_query_extents,nvmbugs/005_nvm_direct/original_lib/nvm_region.c,3039,__klee_posix_wrapped_main at nvmbugs/005_nvm_direct/allocs.c:288,__klee_posix_wrapped_main,nvmbugs/005_nvm_direct/allocs.c,288,__klee_posix_ctor_stub_insert_point at runtime/POSIX/./klee_init_env.c:555,__klee_posix_ctor_stub_insert_point,runtime/POSIX/./klee_init_env.c,555,__user_main at runtime/POSIX/./klee_init_env.c:563,__user_main,runtime/POSIX/./klee_init_env.c,563,__uClibc_main at libc/misc/internals/__uClibc_main.c:401,__uClibc_main,libc/misc/internals/__uClibc_main.c,401,main,main,,0
5112844380380111708,505871338,fence (unnecessary),43,predrain_fence_sfence at nvmbugs/005_nvm_direct/original_lib/pmem.c:279,predrain_fence_sfence,nvmbugs/005_nvm_direct/original_lib/pmem.c,279,drain_no_pcommit at nvmbugs/005_nvm_direct/original_lib/pmem.c:299,drain_no_pcommit,nvmbugs/005_nvm_direct/original_lib/pmem.c,299,pmem_drain at nvmbugs/005_nvm_direct/original_lib/pmem.c:336,pmem_drain,nvmbugs/005_nvm_direct/original_lib/pmem.c,336,nvms_persist at nvmbugs/005_nvm_direct/original_lib/nvms_misc.c:125,nvms_persist,nvmbugs/005_nvm_direct/original_lib/nvms_misc.c,125,nvm_persist at nvmbugs/005_nvm_direct/original_lib/nvm_misc.c:533,nvm_persist,nvmbugs/005_nvm_direct/original_lib/nvm_misc.c,533,nvm_txend at nvmbugs/005_nvm_direct/original_lib/nvm_transaction.c:873,nvm_txend,nvmbugs/005_nvm_direct/original_lib/nvm_transaction.c,873,nvm_heap_test at nvmbugs/005_nvm_direct/original_lib/nvm_heap.c:2299,nvm_heap_test,nvmbugs/005_nvm_direct/original_lib/nvm_heap.c,2299,__klee_posix_wrapped_main at nvmbugs/005_nvm_direct/allocs.c:175,__klee_posix_wrapped_main,nvmbugs/005_nvm_direct/allocs.c,175,__klee_posix_ctor_stub_insert_point at runtime/POSIX/./klee_init_env.c:555,__klee_posix_ctor_stub_insert_point,runtime/POSIX/./klee_init_env.c,555,__user_main at runtime/POSIX/./klee_init_env.c:563,__user_main,runtime/POSIX/./klee_init_env.c,563,__uClibc_main at libc/misc/internals/__uClibc_main.c:401,__uClibc_main,libc/misc/internals/__uClibc_main.c,401,main,main,,0
11294052495880721054,30688774,flush (unnecessary),43,flush_clwb at nvmbugs/005_nvm_direct/original_lib/pmem.c:374,flush_clwb,nvmbugs/005_nvm_direct/original_lib/pmem.c,374,pmem_flush at nvmbugs/005_nvm_direct/original_lib/pmem.c:417,pmem_flush,nvmbugs/005_nvm_direct/original_lib/pmem.c,417,nvms_flush at nvmbugs/005_nvm_direct/original_lib/nvms_misc.c:112,nvms_flush,nvmbugs/005_nvm_direct/original_lib/nvms_misc.c,112,nvm_persist at nvmbugs/005_nvm_direct/original_lib/nvm_misc.c:525,nvm_persist,nvmbugs/005_nvm_direct/original_lib/nvm_misc.c,525,nvm_add_oper at nvmbugs/005_nvm_direct/original_lib/nvm_transaction.c:1430,nvm_add_oper,nvmbugs/005_nvm_direct/original_lib/nvm_transaction.c,1430,nvm_undo at nvmbugs/005_nvm_direct/original_lib/nvm_transaction.c:1763,nvm_undo,nvmbugs/005_nvm_direct/original_lib/nvm_transaction.c,1763,nvm_blk_undo at nvmbugs/005_nvm_direct/original_lib/nvm_heap.c:2853,nvm_blk_undo,nvmbugs/005_nvm_direct/original_lib/nvm_heap.c,2853,nvm_alloc_blk at nvmbugs/005_nvm_direct/original_lib/nvm_heap.c:3275,nvm_alloc_blk,nvmbugs/005_nvm_direct/original_lib/nvm_heap.c,3275,nvm_alloc at nvmbugs/005_nvm_direct/original_lib/nvm_heap.c:1631,nvm_alloc,nvmbugs/005_nvm_direct/original_lib/nvm_heap.c,1631,nvm_create_mutex_array1 at nvmbugs/005_nvm_direct/original_lib/nvm_locks.c:321,nvm_create_mutex_array1,nvmbugs/005_nvm_direct/original_lib/nvm_locks.c,321,nvm_create_region at nvmbugs/005_nvm_direct/original_lib/nvm_region.c:619,nvm_create_region,nvmbugs/005_nvm_direct/original_lib/nvm_region.c,619,__klee_posix_wrapped_main at nvmbugs/005_nvm_direct/allocs.c:72,__klee_posix_wrapped_main,nvmbugs/005_nvm_direct/allocs.c,72,__klee_posix_ctor_stub_insert_point at runtime/POSIX/./klee_init_env.c:555,__klee_posix_ctor_stub_insert_point,runtime/POSIX/./klee_init_env.c,555,__user_main at runtime/POSIX/./klee_init_env.c:563,__user_main,runtime/POSIX/./klee_init_env.c,563,__uClibc_main at libc/misc/internals/__uClibc_main.c:401,__uClibc_main,libc/misc/internals/__uClibc_main.c,401,main,main,,0
8427835123324689691,32687927,flush (unnecessary),43,flush_clwb at nvmbugs/005_nvm_direct/original_lib/pmem.c:374,flush_clwb,nvmbugs/005_nvm_direct/original_lib/pmem.c,374,pmem_flush at nvmbugs/005_nvm_direct/original_lib/pmem.c:417,pmem_flush,nvmbugs/005_nvm_direct/original_lib/pmem.c,417,nvms_flush at nvmbugs/005_nvm_direct/original_lib/nvms_misc.c:112,nvms_flush,nvmbugs/005_nvm_direct/original_lib/nvms_misc.c,112,nvm_persist at nvmbugs/005_nvm_direct/original_lib/nvm_misc.c:525,nvm_persist,nvmbugs/005_nvm_direct/original_lib/nvm_misc.c,525,nvm_add_oper at nvmbugs/005_nvm_direct/original_lib/nvm_transaction.c:1430,nvm_add_oper,nvmbugs/005_nvm_direct/original_lib/nvm_transaction.c,1430,nvm_undo at nvmbugs/005_nvm_direct/original_lib/nvm_transaction.c:1763,nvm_undo,nvmbugs/005_nvm_direct/original_lib/nvm_transaction.c,1763,nvm_freelist_link at nvmbugs/005_nvm_direct/original_lib/nvm_heap.c:2934,nvm_freelist_link,nvmbugs/005_nvm_direct/original_lib/nvm_heap.c,2934,nvm_alloc_blk at nvmbugs/005_nvm_direct/original_lib/nvm_heap.c:3312,nvm_alloc_blk,nvmbugs/005_nvm_direct/original_lib/nvm_heap.c,3312,nvm_alloc at nvmbugs/005_nvm_direct/original_lib/nvm_heap.c:1631,nvm_alloc,nvmbugs/005_nvm_direct/original_lib/nvm_heap.c,1631,__klee_posix_wrapped_main at nvmbugs/005_nvm_direct/allocs.c:83,__klee_posix_wrapped_main,nvmbugs/005_nvm_direct/allocs.c,83,__klee_posix_ctor_stub_insert_point at runtime/POSIX/./klee_init_env.c:555,__klee_posix_ctor_stub_insert_point,runtime/POSIX/./klee_init_env.c,555,__user_main at runtime/POSIX/./klee_init_env.c:563,__user_main,runtime/POSIX/./klee_init_env.c,563,__uClibc_main at libc/misc/internals/__uClibc_main.c:401,__uClibc_main,libc/misc/internals/__uClibc_main.c,401,main,main,,0
17177053067750243685,32461238,fence (unnecessary),43,predrain_fence_sfence at nvmbugs/005_nvm_direct/original_lib/pmem.c:279,predrain_fence_sfence,nvmbugs/005_nvm_direct/original_lib/pmem.c,279,drain_no_pcommit at nvmbugs/005_nvm_direct/original_lib/pmem.c:299,drain_no_pcommit,nvmbugs/005_nvm_direct/original_lib/pmem.c,299,pmem_drain at nvmbugs/005_nvm_direct/original_lib/pmem.c:336,pmem_drain,nvmbugs/005_nvm_direct/original_lib/pmem.c,336,nvms_persist at nvmbugs/005_nvm_direct/original_lib/nvms_misc.c:125,nvms_persist,nvmbugs/005_nvm_direct/original_lib/nvms_misc.c,125,nvm_persist at nvmbugs/005_nvm_direct/original_lib/nvm_misc.c:533,nvm_persist,nvmbugs/005_nvm_direct/original_lib/nvm_misc.c,533,nvm_txend at nvmbugs/005_nvm_direct/original_lib/nvm_transaction.c:873,nvm_txend,nvmbugs/005_nvm_direct/original_lib/nvm_transaction.c,873,nvm_heap_test at nvmbugs/005_nvm_direct/original_lib/nvm_heap.c:2299,nvm_heap_test,nvmbugs/005_nvm_direct/original_lib/nvm_heap.c,2299,__klee_posix_wrapped_main at nvmbugs/005_nvm_direct/allocs.c:78,__klee_posix_wrapped_main,nvmbugs/005_nvm_direct/allocs.c,78,__klee_posix_ctor_stub_insert_point at runtime/POSIX/./klee_init_env.c:555,__klee_posix_ctor_stub_insert_point,runtime/POSIX/./klee_init_env.c,555,__user_main at runtime/POSIX/./klee_init_env.c:563,__user_main,runtime/POSIX/./klee_init_env.c,563,__uClibc_main at libc/misc/internals/__uClibc_main.c:401,__uClibc_main,libc/misc/internals/__uClibc_main.c,401,main,main,,0
17327509875929009296,505595383,flush (unnecessary),43,flush_clwb at nvmbugs/005_nvm_direct/original_lib/pmem.c:374,flush_clwb,nvmbugs/005_nvm_direct/original_lib/pmem.c,374,pmem_flush at nvmbugs/005_nvm_direct/original_lib/pmem.c:417,pmem_flush,nvmbugs/005_nvm_direct/original_lib/pmem.c,417,nvms_flush at nvmbugs/005_nvm_direct/original_lib/nvms_misc.c:112,nvms_flush,nvmbugs/005_nvm_direct/original_lib/nvms_misc.c,112,nvm_persist at nvmbugs/005_nvm_direct/original_lib/nvm_misc.c:525,nvm_persist,nvmbugs/005_nvm_direct/original_lib/nvm_misc.c,525,nvm_add_oper at nvmbugs/005_nvm_direct/original_lib/nvm_transaction.c:1430,nvm_add_oper,nvmbugs/005_nvm_direct/original_lib/nvm_transaction.c,1430,nvm_undo at nvmbugs/005_nvm_direct/original_lib/nvm_transaction.c:1763,nvm_undo,nvmbugs/005_nvm_direct/original_lib/nvm_transaction.c,1763,nvm_freelist_link at nvmbugs/005_nvm_direct/original_lib/nvm_heap.c:2934,nvm_freelist_link,nvmbugs/005_nvm_direct/original_lib/nvm_heap.c,2934,nvm_resize_heap at nvmbugs/005_nvm_direct/original_lib/nvm_heap.c:1024,nvm_resize_heap,nvmbugs/005_nvm_direct/original_lib/nvm_heap.c,1024,__klee_posix_wrapped_main at nvmbugs/005_nvm_direct/allocs.c:170,__klee_posix_wrapped_main,nvmbugs/005_nvm_direct/allocs.c,170,__klee_posix_ctor_stub_insert_point at runtime/POSIX/./klee_init_env.c:555,__klee_posix_ctor_stub_insert_point,runtime/POSIX/./klee_init_env.c,555,__user_main at runtime/POSIX/./klee_init_env.c:563,__user_main,runtime/POSIX/./klee_init_env.c,563,__uClibc_main at libc/misc/internals/__uClibc_main.c:401,__uClibc_main,libc/misc/internals/__uClibc_main.c,401,main,main,,0
2521997277216216977,505695624,fence (unnecessary),43,predrain_fence_sfence at nvmbugs/005_nvm_direct/original_lib/pmem.c:279,predrain_fence_sfence,nvmbugs/005_nvm_direct/original_lib/pmem.c,279,drain_no_pcommit at nvmbugs/005_nvm_direct/original_lib/pmem.c:299,drain_no_pcommit,nvmbugs/005_nvm_direct/original_lib/pmem.c,299,pmem_drain at nvmbugs/005_nvm_direct/original_lib/pmem.c:336,pmem_drain,nvmbugs/005_nvm_direct/original_lib/pmem.c,336,nvms_persist at nvmbugs/005_nvm_direct/original_lib/nvms_misc.c:125,nvms_persist,nvmbugs/005_nvm_direct/original_lib/nvms_misc.c,125,nvm_persist at nvmbugs/005_nvm_direct/original_lib/nvm_misc.c:533,nvm_persist,nvmbugs/005_nvm_direct/original_lib/nvm_misc.c,533,nvm_txend at nvmbugs/005_nvm_direct/original_lib/nvm_transaction.c:873,nvm_txend,nvmbugs/005_nvm_direct/original_lib/nvm_transaction.c,873,nvm_resize_heap at nvmbugs/005_nvm_direct/original_lib/nvm_heap.c:1057,nvm_resize_heap,nvmbugs/005_nvm_direct/original_lib/nvm_heap.c,1057,__klee_posix_wrapped_main at nvmbugs/005_nvm_direct/allocs.c:170,__klee_posix_wrapped_main,nvmbugs/005_nvm_direct/allocs.c,170,__klee_posix_ctor_stub_insert_point at runtime/POSIX/./klee_init_env.c:555,__klee_posix_ctor_stub_insert_point,runtime/POSIX/./klee_init_env.c,555,__user_main at runtime/POSIX/./klee_init_env.c:563,__user_main,runtime/POSIX/./klee_init_env.c,563,__uClibc_main at libc/misc/internals/__uClibc_main.c:401,__uClibc_main,libc/misc/internals/__uClibc_main.c,401,main,main,,0
10831793049034008940,32773409,flush (unnecessary),43,flush_clwb at nvmbugs/005_nvm_direct/original_lib/pmem.c:374,flush_clwb,nvmbugs/005_nvm_direct/original_lib/pmem.c,374,pmem_flush at nvmbugs/005_nvm_direct/original_lib/pmem.c:417,pmem_flush,nvmbugs/005_nvm_direct/original_lib/pmem.c,417,nvms_flush at nvmbugs/005_nvm_direct/original_lib/nvms_misc.c:112,nvms_flush,nvmbugs/005_nvm_direct/original_lib/nvms_misc.c,112,nvm_persist at nvmbugs/005_nvm_direct/original_lib/nvm_misc.c:525,nvm_persist,nvmbugs/005_nvm_direct/original_lib/nvm_misc.c,525,nvm_add_oper at nvmbugs/005_nvm_direct/original_lib/nvm_transaction.c:1430,nvm_add_oper,nvmbugs/005_nvm_direct/original_lib/nvm_transaction.c,1430,nvm_undo at nvmbugs/005_nvm_direct/original_lib/nvm_transaction.c:1763,nvm_undo,nvmbugs/005_nvm_direct/original_lib/nvm_transaction.c,1763,nvm_alloc at nvmbugs/005_nvm_direct/original_lib/nvm_heap.c:1668,nvm_alloc,nvmbugs/005_nvm_direct/original_lib/nvm_heap.c,1668,__klee_posix_wrapped_main at nvmbugs/005_nvm_direct/allocs.c:83,__klee_posix_wrapped_main,nvmbugs/005_nvm_direct/allocs.c,83,__klee_posix_ctor_stub_insert_point at runtime/POSIX/./klee_init_env.c:555,__klee_posix_ctor_stub_insert_point,runtime/POSIX/./klee_init_env.c,555,__user_main at runtime/POSIX/./klee_init_env.c:563,__user_main,runtime/POSIX/./klee_init_env.c,563,__uClibc_main at libc/misc/internals/__uClibc_main.c:401,__uClibc_main,libc/misc/internals/__uClibc_main.c,401,main,main,,0
11119979027326257163,33314248,write (unpersisted),1070,nvm_blk_set at nvmbugs/005_nvm_direct/original_lib/nvm_heap0.h:89,nvm_blk_set,nvmbugs/005_nvm_direct/original_lib/nvm_heap0.h,89,nvm_freelist_link at nvmbugs/005_nvm_direct/original_lib/nvm_heap.c:2936,nvm_freelist_link,nvmbugs/005_nvm_direct/original_lib/nvm_heap.c,2936,nvm_alloc_blk at nvmbugs/005_nvm_direct/original_lib/nvm_heap.c:3312,nvm_alloc_blk,nvmbugs/005_nvm_direct/original_lib/nvm_heap.c,3312,nvm_alloc at nvmbugs/005_nvm_direct/original_lib/nvm_heap.c:1631,nvm_alloc,nvmbugs/005_nvm_direct/original_lib/nvm_heap.c,1631,nvm_add_extent at nvmbugs/005_nvm_direct/original_lib/nvm_region.c:2131,nvm_add_extent,nvmbugs/005_nvm_direct/original_lib/nvm_region.c,2131,__klee_posix_wrapped_main at nvmbugs/005_nvm_direct/allocs.c:100,__klee_posix_wrapped_main,nvmbugs/005_nvm_direct/allocs.c,100,__klee_posix_ctor_stub_insert_point at runtime/POSIX/./klee_init_env.c:555,__klee_posix_ctor_stub_insert_point,runtime/POSIX/./klee_init_env.c,555,__user_main at runtime/POSIX/./klee_init_env.c:563,__user_main,runtime/POSIX/./klee_init_env.c,563,__uClibc_main at libc/misc/internals/__uClibc_main.c:401,__uClibc_main,libc/misc/internals/__uClibc_main.c,401,main,main,,0
16758031852702101739,33373868,flush (unnecessary),86,flush_clwb at nvmbugs/005_nvm_direct/original_lib/pmem.c:374,flush_clwb,nvmbugs/005_nvm_direct/original_lib/pmem.c,374,pmem_flush at nvmbugs/005_nvm_direct/original_lib/pmem.c:417,pmem_flush,nvmbugs/005_nvm_direct/original_lib/pmem.c,417,nvms_flush at nvmbugs/005_nvm_direct/original_lib/nvms_misc.c:112,nvms_flush,nvmbugs/005_nvm_direct/original_lib/nvms_misc.c,112,nvm_persist at nvmbugs/005_nvm_direct/original_lib/nvm_misc.c:525,nvm_persist,nvmbugs/005_nvm_direct/original_lib/nvm_misc.c,525,nvm_add_oper at nvmbugs/005_nvm_direct/original_lib/nvm_transaction.c:1430,nvm_add_oper,nvmbugs/005_nvm_direct/original_lib/nvm_transaction.c,1430,nvm_undo at nvmbugs/005_nvm_direct/original_lib/nvm_transaction.c:1763,nvm_undo,nvmbugs/005_nvm_direct/original_lib/nvm_transaction.c,1763,nvm_alloc at nvmbugs/005_nvm_direct/original_lib/nvm_heap.c:1662,nvm_alloc,nvmbugs/005_nvm_direct/original_lib/nvm_heap.c,1662,nvm_add_extent at nvmbugs/005_nvm_direct/original_lib/nvm_region.c:2131,nvm_add_extent,nvmbugs/005_nvm_direct/original_lib/nvm_region.c,2131,__klee_posix_wrapped_main at nvmbugs/005_nvm_direct/allocs.c:100,__klee_posix_wrapped_main,nvmbugs/005_nvm_direct/allocs.c,100,__klee_posix_ctor_stub_insert_point at runtime/POSIX/./klee_init_env.c:555,__klee_posix_ctor_stub_insert_point,runtime/POSIX/./klee_init_env.c,555,__user_main at runtime/POSIX/./klee_init_env.c:563,__user_main,runtime/POSIX/./klee_init_env.c,563,__uClibc_main at libc/misc/internals/__uClibc_main.c:401,__uClibc_main,libc/misc/internals/__uClibc_main.c,401,main,main,,0
1320535285775822114,505700133,flush (unnecessary),43,flush_clwb at nvmbugs/005_nvm_direct/original_lib/pmem.c:374,flush_clwb,nvmbugs/005_nvm_direct/original_lib/pmem.c,374,pmem_flush at nvmbugs/005_nvm_direct/original_lib/pmem.c:417,pmem_flush,nvmbugs/005_nvm_direct/original_lib/pmem.c,417,nvms_flush at nvmbugs/005_nvm_direct/original_lib/nvms_misc.c:112,nvms_flush,nvmbugs/005_nvm_direct/original_lib/nvms_misc.c,112,nvm_persist at nvmbugs/005_nvm_direct/original_lib/nvm_misc.c:525,nvm_persist,nvmbugs/005_nvm_direct/original_lib/nvm_misc.c,525,nvm_txbegin at nvmbugs/005_nvm_direct/original_lib/nvm_transaction.c:545,nvm_txbegin,nvmbugs/005_nvm_direct/original_lib/nvm_transaction.c,545,nvm_heap_test at nvmbugs/005_nvm_direct/original_lib/nvm_heap.c:2283,nvm_heap_test,nvmbugs/005_nvm_direct/original_lib/nvm_heap.c,2283,__klee_posix_wrapped_main at nvmbugs/005_nvm_direct/allocs.c:175,__klee_posix_wrapped_main,nvmbugs/005_nvm_direct/allocs.c,175,__klee_posix_ctor_stub_insert_point at runtime/POSIX/./klee_init_env.c:555,__klee_posix_ctor_stub_insert_point,runtime/POSIX/./klee_init_env.c,555,__user_main at runtime/POSIX/./klee_init_env.c:563,__user_main,runtime/POSIX/./klee_init_env.c,563,__uClibc_main at libc/misc/internals/__uClibc_main.c:401,__uClibc_main,libc/misc/internals/__uClibc_main.c,401,main,main,,0
2971144669441222619,30824643,flush (unnecessary),43,flush_clwb at nvmbugs/005_nvm_direct/original_lib/pmem.c:374,flush_clwb,nvmbugs/005_nvm_direct/original_lib/pmem.c,374,pmem_flush at nvmbugs/005_nvm_direct/original_lib/pmem.c:417,pmem_flush,nvmbugs/005_nvm_direct/original_lib/pmem.c,417,nvms_flush at nvmbugs/005_nvm_direct/original_lib/nvms_misc.c:112,nvms_flush,nvmbugs/005_nvm_direct/original_lib/nvms_misc.c,112,nvm_persist at nvmbugs/005_nvm_direct/original_lib/nvm_misc.c:525,nvm_persist,nvmbugs/005_nvm_direct/original_lib/nvm_misc.c,525,nvm_add_oper at nvmbugs/005_nvm_direct/original_lib/nvm_transaction.c:1430,nvm_add_oper,nvmbugs/005_nvm_direct/original_lib/nvm_transaction.c,1430,nvm_undo at nvmbugs/005_nvm_direct/original_lib/nvm_transaction.c:1763,nvm_undo,nvmbugs/005_nvm_direct/original_lib/nvm_transaction.c,1763,nvm_alloc at nvmbugs/005_nvm_direct/original_lib/nvm_heap.c:1650,nvm_alloc,nvmbugs/005_nvm_direct/original_lib/nvm_heap.c,1650,nvm_create_mutex_array1 at nvmbugs/005_nvm_direct/original_lib/nvm_locks.c:321,nvm_create_mutex_array1,nvmbugs/005_nvm_direct/original_lib/nvm_locks.c,321,nvm_create_region at nvmbugs/005_nvm_direct/original_lib/nvm_region.c:619,nvm_create_region,nvmbugs/005_nvm_direct/original_lib/nvm_region.c,619,__klee_posix_wrapped_main at nvmbugs/005_nvm_direct/allocs.c:72,__klee_posix_wrapped_main,nvmbugs/005_nvm_direct/allocs.c,72,__klee_posix_ctor_stub_insert_point at runtime/POSIX/./klee_init_env.c:555,__klee_posix_ctor_stub_insert_point,runtime/POSIX/./klee_init_env.c,555,__user_main at runtime/POSIX/./klee_init_env.c:563,__user_main,runtime/POSIX/./klee_init_env.c,563,__uClibc_main at libc/misc/internals/__uClibc_main.c:401,__uClibc_main,libc/misc/internals/__uClibc_main.c,401,main,main,,0
2929135168018686577,257993365,flush (unnecessary),43,flush_clwb at nvmbugs/005_nvm_direct/original_lib/pmem.c:374,flush_clwb,nvmbugs/005_nvm_direct/original_lib/pmem.c,374,pmem_flush at nvmbugs/005_nvm_direct/original_lib/pmem.c:417,pmem_flush,nvmbugs/005_nvm_direct/original_lib/pmem.c,417,nvms_flush at nvmbugs/005_nvm_direct/original_lib/nvms_misc.c:112,nvms_flush,nvmbugs/005_nvm_direct/original_lib/nvms_misc.c,112,nvm_persist at nvmbugs/005_nvm_direct/original_lib/nvm_misc.c:525,nvm_persist,nvmbugs/005_nvm_direct/original_lib/nvm_misc.c,525,nvm_txbegin at nvmbugs/005_nvm_direct/original_lib/nvm_transaction.c:545,nvm_txbegin,nvmbugs/005_nvm_direct/original_lib/nvm_transaction.c,545,nvm_query_extents at nvmbugs/005_nvm_direct/original_lib/nvm_region.c:3039,nvm_query_extents,nvmbugs/005_nvm_direct/original_lib/nvm_region.c,3039,report at nvmbugs/005_nvm_direct/allocs.c:320,report,nvmbugs/005_nvm_direct/allocs.c,320,__klee_posix_wrapped_main at nvmbugs/005_nvm_direct/allocs.c:157,__klee_posix_wrapped_main,nvmbugs/005_nvm_direct/allocs.c,157,__klee_posix_ctor_stub_insert_point at runtime/POSIX/./klee_init_env.c:555,__klee_posix_ctor_stub_insert_point,runtime/POSIX/./klee_init_env.c,555,__user_main at runtime/POSIX/./klee_init_env.c:563,__user_main,runtime/POSIX/./klee_init_env.c,563,__uClibc_main at libc/misc/internals/__uClibc_main.c:401,__uClibc_main,libc/misc/internals/__uClibc_main.c,401,main,main,,0
2885059007518910343,505904041,flush (unnecessary),43,flush_clwb at nvmbugs/005_nvm_direct/original_lib/pmem.c:374,flush_clwb,nvmbugs/005_nvm_direct/original_lib/pmem.c,374,pmem_flush at nvmbugs/005_nvm_direct/original_lib/pmem.c:417,pmem_flush,nvmbugs/005_nvm_direct/original_lib/pmem.c,417,nvms_flush at nvmbugs/005_nvm_direct/original_lib/nvms_misc.c:112,nvms_flush,nvmbugs/005_nvm_direct/original_lib/nvms_misc.c,112,nvm_persist at nvmbugs/005_nvm_direct/original_lib/nvm_misc.c:525,nvm_persist,nvmbugs/005_nvm_direct/original_lib/nvm_misc.c,525,nvm_txbegin at nvmbugs/005_nvm_direct/original_lib/nvm_transaction.c:545,nvm_txbegin,nvmbugs/005_nvm_direct/original_lib/nvm_transaction.c,545,__klee_posix_wrapped_main at nvmbugs/005_nvm_direct/allocs.c:202,__klee_posix_wrapped_main,nvmbugs/005_nvm_direct/allocs.c,202,__klee_posix_ctor_stub_insert_point at runtime/POSIX/./klee_init_env.c:555,__klee_posix_ctor_stub_insert_point,runtime/POSIX/./klee_init_env.c,555,__user_main at runtime/POSIX/./klee_init_env.c:563,__user_main,runtime/POSIX/./klee_init_env.c,563,__uClibc_main at libc/misc/internals/__uClibc_main.c:401,__uClibc_main,libc/misc/internals/__uClibc_main.c,401,main,main,,0
16384748865970077064,33395416,flush (unnecessary),43,flush_clwb at nvmbugs/005_nvm_direct/original_lib/pmem.c:374,flush_clwb,nvmbugs/005_nvm_direct/original_lib/pmem.c,374,pmem_flush at nvmbugs/005_nvm_direct/original_lib/pmem.c:417,pmem_flush,nvmbugs/005_nvm_direct/original_lib/pmem.c,417,nvms_flush at nvmbugs/005_nvm_direct/original_lib/nvms_misc.c:112,nvms_flush,nvmbugs/005_nvm_direct/original_lib/nvms_misc.c,112,nvm_persist at nvmbugs/005_nvm_direct/original_lib/nvm_misc.c:525,nvm_persist,nvmbugs/005_nvm_direct/original_lib/nvm_misc.c,525,nvm_add_oper at nvmbugs/005_nvm_direct/original_lib/nvm_transaction.c:1430,nvm_add_oper,nvmbugs/005_nvm_direct/original_lib/nvm_transaction.c,1430,nvm_undo at nvmbugs/005_nvm_direct/original_lib/nvm_transaction.c:1763,nvm_undo,nvmbugs/005_nvm_direct/original_lib/nvm_transaction.c,1763,nvm_alloc at nvmbugs/005_nvm_direct/original_lib/nvm_heap.c:1668,nvm_alloc,nvmbugs/005_nvm_direct/original_lib/nvm_heap.c,1668,nvm_add_extent at nvmbugs/005_nvm_direct/original_lib/nvm_region.c:2131,nvm_add_extent,nvmbugs/005_nvm_direct/original_lib/nvm_region.c,2131,__klee_posix_wrapped_main at nvmbugs/005_nvm_direct/allocs.c:100,__klee_posix_wrapped_main,nvmbugs/005_nvm_direct/allocs.c,100,__klee_posix_ctor_stub_insert_point at runtime/POSIX/./klee_init_env.c:555,__klee_posix_ctor_stub_insert_point,runtime/POSIX/./klee_init_env.c,555,__user_main at runtime/POSIX/./klee_init_env.c:563,__user_main,runtime/POSIX/./klee_init_env.c,563,__uClibc_main at libc/misc/internals/__uClibc_main.c:401,__uClibc_main,libc/misc/internals/__uClibc_main.c,401,main,main,,0
17814479822946337768,33220270,flush (unnecessary),43,flush_clwb at nvmbugs/005_nvm_direct/original_lib/pmem.c:374,flush_clwb,nvmbugs/005_nvm_direct/original_lib/pmem.c,374,pmem_flush at nvmbugs/005_nvm_direct/original_lib/pmem.c:417,pmem_flush,nvmbugs/005_nvm_direct/original_lib/pmem.c,417,nvms_flush at nvmbugs/005_nvm_direct/original_lib/nvms_misc.c:112,nvms_flush,nvmbugs/005_nvm_direct/original_lib/nvms_misc.c,112,nvm_persist at nvmbugs/005_nvm_direct/original_lib/nvm_misc.c:525,nvm_persist,nvmbugs/005_nvm_direct/original_lib/nvm_misc.c,525,nvm_add_oper at nvmbugs/005_nvm_direct/original_lib/nvm_transaction.c:1430,nvm_add_oper,nvmbugs/005_nvm_direct/original_lib/nvm_transaction.c,1430,nvm_undo at nvmbugs/005_nvm_direct/original_lib/nvm_transaction.c:1763,nvm_undo,nvmbugs/005_nvm_direct/original_lib/nvm_transaction.c,1763,nvm_freelist_unlink at nvmbugs/005_nvm_direct/original_lib/nvm_heap.c:3051,nvm_freelist_unlink,nvmbugs/005_nvm_direct/original_lib/nvm_heap.c,3051,nvm_alloc_blk at nvmbugs/005_nvm_direct/original_lib/nvm_heap.c:3280,nvm_alloc_blk,nvmbugs/005_nvm_direct/original_lib/nvm_heap.c,3280,nvm_alloc at nvmbugs/005_nvm_direct/original_lib/nvm_heap.c:1631,nvm_alloc,nvmbugs/005_nvm_direct/original_lib/nvm_heap.c,1631,nvm_add_extent at nvmbugs/005_nvm_direct/original_lib/nvm_region.c:2131,nvm_add_extent,nvmbugs/005_nvm_direct/original_lib/nvm_region.c,2131,__klee_posix_wrapped_main at nvmbugs/005_nvm_direct/allocs.c:100,__klee_posix_wrapped_main,nvmbugs/005_nvm_direct/allocs.c,100,__klee_posix_ctor_stub_insert_point at runtime/POSIX/./klee_init_env.c:555,__klee_posix_ctor_stub_insert_point,runtime/POSIX/./klee_init_env.c,555,__user_main at runtime/POSIX/./klee_init_env.c:563,__user_main,runtime/POSIX/./klee_init_env.c,563,__uClibc_main at libc/misc/internals/__uClibc_main.c:401,__uClibc_main,libc/misc/internals/__uClibc_main.c,401,main,main,,0
9793452470856396474,32995367,flush (unnecessary),43,flush_clwb at nvmbugs/005_nvm_direct/original_lib/pmem.c:374,flush_clwb,nvmbugs/005_nvm_direct/original_lib/pmem.c,374,pmem_flush at nvmbugs/005_nvm_direct/original_lib/pmem.c:417,pmem_flush,nvmbugs/005_nvm_direct/original_lib/pmem.c,417,nvms_flush at nvmbugs/005_nvm_direct/original_lib/nvms_misc.c:112,nvms_flush,nvmbugs/005_nvm_direct/original_lib/nvms_misc.c,112,nvm_persist at nvmbugs/005_nvm_direct/original_lib/nvm_misc.c:525,nvm_persist,nvmbugs/005_nvm_direct/original_lib/nvm_misc.c,525,nvm_txbegin at nvmbugs/005_nvm_direct/original_lib/nvm_transaction.c:545,nvm_txbegin,nvmbugs/005_nvm_direct/original_lib/nvm_transaction.c,545,__klee_posix_wrapped_main at nvmbugs/005_nvm_direct/allocs.c:99,__klee_posix_wrapped_main,nvmbugs/005_nvm_direct/allocs.c,99,__klee_posix_ctor_stub_insert_point at runtime/POSIX/./klee_init_env.c:555,__klee_posix_ctor_stub_insert_point,runtime/POSIX/./klee_init_env.c,555,__user_main at runtime/POSIX/./klee_init_env.c:563,__user_main,runtime/POSIX/./klee_init_env.c,563,__uClibc_main at libc/misc/internals/__uClibc_main.c:401,__uClibc_main,libc/misc/internals/__uClibc_main.c,401,main,main,,0
17790283260590200938,32713083,flush (unnecessary),43,flush_clwb at nvmbugs/005_nvm_direct/original_lib/pmem.c:374,flush_clwb,nvmbugs/005_nvm_direct/original_lib/pmem.c,374,pmem_flush at nvmbugs/005_nvm_direct/original_lib/pmem.c:417,pmem_flush,nvmbugs/005_nvm_direct/original_lib/pmem.c,417,nvms_flush at nvmbugs/005_nvm_direct/original_lib/nvms_misc.c:112,nvms_flush,nvmbugs/005_nvm_direct/original_lib/nvms_misc.c,112,nvm_persist at nvmbugs/005_nvm_direct/original_lib/nvm_misc.c:525,nvm_persist,nvmbugs/005_nvm_direct/original_lib/nvm_misc.c,525,nvm_add_oper at nvmbugs/005_nvm_direct/original_lib/nvm_transaction.c:1430,nvm_add_oper,nvmbugs/005_nvm_direct/original_lib/nvm_transaction.c,1430,nvm_undo at nvmbugs/005_nvm_direct/original_lib/nvm_transaction.c:1763,nvm_undo,nvmbugs/005_nvm_direct/original_lib/nvm_transaction.c,1763,nvm_alloc at nvmbugs/005_nvm_direct/original_lib/nvm_heap.c:1643,nvm_alloc,nvmbugs/005_nvm_direct/original_lib/nvm_heap.c,1643,__klee_posix_wrapped_main at nvmbugs/005_nvm_direct/allocs.c:83,__klee_posix_wrapped_main,nvmbugs/005_nvm_direct/allocs.c,83,__klee_posix_ctor_stub_insert_point at runtime/POSIX/./klee_init_env.c:555,__klee_posix_ctor_stub_insert_point,runtime/POSIX/./klee_init_env.c,555,__user_main at runtime/POSIX/./klee_init_env.c:563,__user_main,runtime/POSIX/./klee_init_env.c,563,__uClibc_main at libc/misc/internals/__uClibc_main.c:401,__uClibc_main,libc/misc/internals/__uClibc_main.c,401,main,main,,0
172236785468455321,30717979,flush (unnecessary),43,flush_clwb at nvmbugs/005_nvm_direct/original_lib/pmem.c:374,flush_clwb,nvmbugs/005_nvm_direct/original_lib/pmem.c,374,pmem_flush at nvmbugs/005_nvm_direct/original_lib/pmem.c:417,pmem_flush,nvmbugs/005_nvm_direct/original_lib/pmem.c,417,nvms_flush at nvmbugs/005_nvm_direct/original_lib/nvms_misc.c:112,nvms_flush,nvmbugs/005_nvm_direct/original_lib/nvms_misc.c,112,nvm_persist at nvmbugs/005_nvm_direct/original_lib/nvm_misc.c:525,nvm_persist,nvmbugs/005_nvm_direct/original_lib/nvm_misc.c,525,nvm_add_oper at nvmbugs/005_nvm_direct/original_lib/nvm_transaction.c:1430,nvm_add_oper,nvmbugs/005_nvm_direct/original_lib/nvm_transaction.c,1430,nvm_undo at nvmbugs/005_nvm_direct/original_lib/nvm_transaction.c:1763,nvm_undo,nvmbugs/005_nvm_direct/original_lib/nvm_transaction.c,1763,nvm_freelist_unlink at nvmbugs/005_nvm_direct/original_lib/nvm_heap.c:3027,nvm_freelist_unlink,nvmbugs/005_nvm_direct/original_lib/nvm_heap.c,3027,nvm_alloc_blk at nvmbugs/005_nvm_direct/original_lib/nvm_heap.c:3280,nvm_alloc_blk,nvmbugs/005_nvm_direct/original_lib/nvm_heap.c,3280,nvm_alloc at nvmbugs/005_nvm_direct/original_lib/nvm_heap.c:1631,nvm_alloc,nvmbugs/005_nvm_direct/original_lib/nvm_heap.c,1631,nvm_create_mutex_array1 at nvmbugs/005_nvm_direct/original_lib/nvm_locks.c:321,nvm_create_mutex_array1,nvmbugs/005_nvm_direct/original_lib/nvm_locks.c,321,nvm_create_region at nvmbugs/005_nvm_direct/original_lib/nvm_region.c:619,nvm_create_region,nvmbugs/005_nvm_direct/original_lib/nvm_region.c,619,__klee_posix_wrapped_main at nvmbugs/005_nvm_direct/allocs.c:72,__klee_posix_wrapped_main,nvmbugs/005_nvm_direct/allocs.c,72,__klee_posix_ctor_stub_insert_point at runtime/POSIX/./klee_init_env.c:555,__klee_posix_ctor_stub_insert_point,runtime/POSIX/./klee_init_env.c,555,__user_main at runtime/POSIX/./klee_init_env.c:563,__user_main,runtime/POSIX/./klee_init_env.c,563,__uClibc_main at libc/misc/internals/__uClibc_main.c:401,__uClibc_main,libc/misc/internals/__uClibc_main.c,401,main,main,,0
15588449830119552026,378925633,flush (unnecessary),43,flush_clwb at nvmbugs/005_nvm_direct/original_lib/pmem.c:374,flush_clwb,nvmbugs/005_nvm_direct/original_lib/pmem.c,374,pmem_flush at nvmbugs/005_nvm_direct/original_lib/pmem.c:417,pmem_flush,nvmbugs/005_nvm_direct/original_lib/pmem.c,417,nvms_flush at nvmbugs/005_nvm_direct/original_lib/nvms_misc.c:112,nvms_flush,nvmbugs/005_nvm_direct/original_lib/nvms_misc.c,112,nvm_persist at nvmbugs/005_nvm_direct/original_lib/nvm_misc.c:525,nvm_persist,nvmbugs/005_nvm_direct/original_lib/nvm_misc.c,525,nvm_add_oper at nvmbugs/005_nvm_direct/original_lib/nvm_transaction.c:1430,nvm_add_oper,nvmbugs/005_nvm_direct/original_lib/nvm_transaction.c,1430,nvm_undo at nvmbugs/005_nvm_direct/original_lib/nvm_transaction.c:1763,nvm_undo,nvmbugs/005_nvm_direct/original_lib/nvm_transaction.c,1763,nvm_resize_extent1 at nvmbugs/005_nvm_direct/original_lib/nvm_region.c:2813,nvm_resize_extent1,nvmbugs/005_nvm_direct/original_lib/nvm_region.c,2813,nvm_resize_heap at nvmbugs/005_nvm_direct/original_lib/nvm_heap.c:975,nvm_resize_heap,nvmbugs/005_nvm_direct/original_lib/nvm_heap.c,975,__klee_posix_wrapped_main at nvmbugs/005_nvm_direct/allocs.c:170,__klee_posix_wrapped_main,nvmbugs/005_nvm_direct/allocs.c,170,__klee_posix_ctor_stub_insert_point at runtime/POSIX/./klee_init_env.c:555,__klee_posix_ctor_stub_insert_point,runtime/POSIX/./klee_init_env.c,555,__user_main at runtime/POSIX/./klee_init_env.c:563,__user_main,runtime/POSIX/./klee_init_env.c,563,__uClibc_main at libc/misc/internals/__uClibc_main.c:401,__uClibc_main,libc/misc/internals/__uClibc_main.c,401,main,main,,0
3127460731910666155,257131212,flush (unnecessary),86,flush_clwb at nvmbugs/005_nvm_direct/original_lib/pmem.c:374,flush_clwb,nvmbugs/005_nvm_direct/original_lib/pmem.c,374,pmem_flush at nvmbugs/005_nvm_direct/original_lib/pmem.c:417,pmem_flush,nvmbugs/005_nvm_direct/original_lib/pmem.c,417,nvms_flush at nvmbugs/005_nvm_direct/original_lib/nvms_misc.c:112,nvms_flush,nvmbugs/005_nvm_direct/original_lib/nvms_misc.c,112,nvm_persist at nvmbugs/005_nvm_direct/original_lib/nvm_misc.c:525,nvm_persist,nvmbugs/005_nvm_direct/original_lib/nvm_misc.c,525,nvm_add_oper at nvmbugs/005_nvm_direct/original_lib/nvm_transaction.c:1430,nvm_add_oper,nvmbugs/005_nvm_direct/original_lib/nvm_transaction.c,1430,nvm_oncommit at nvmbugs/005_nvm_direct/original_lib/nvm_transaction.c:2250,nvm_oncommit,nvmbugs/005_nvm_direct/original_lib/nvm_transaction.c,2250,nvm_create_heap at nvmbugs/005_nvm_direct/original_lib/nvm_heap.c:747,nvm_create_heap,nvmbugs/005_nvm_direct/original_lib/nvm_heap.c,747,__klee_posix_wrapped_main at nvmbugs/005_nvm_direct/allocs.c:125,__klee_posix_wrapped_main,nvmbugs/005_nvm_direct/allocs.c,125,__klee_posix_ctor_stub_insert_point at runtime/POSIX/./klee_init_env.c:555,__klee_posix_ctor_stub_insert_point,runtime/POSIX/./klee_init_env.c,555,__user_main at runtime/POSIX/./klee_init_env.c:563,__user_main,runtime/POSIX/./klee_init_env.c,563,__uClibc_main at libc/misc/internals/__uClibc_main.c:401,__uClibc_main,libc/misc/internals/__uClibc_main.c,401,main,main,,0
13492774845345260025,32665872,flush (unnecessary),43,flush_clwb at nvmbugs/005_nvm_direct/original_lib/pmem.c:374,flush_clwb,nvmbugs/005_nvm_direct/original_lib/pmem.c,374,pmem_flush at nvmbugs/005_nvm_direct/original_lib/pmem.c:417,pmem_flush,nvmbugs/005_nvm_direct/original_lib/pmem.c,417,nvms_flush at nvmbugs/005_nvm_direct/original_lib/nvms_misc.c:112,nvms_flush,nvmbugs/005_nvm_direct/original_lib/nvms_misc.c,112,nvm_persist at nvmbugs/005_nvm_direct/original_lib/nvm_misc.c:525,nvm_persist,nvmbugs/005_nvm_direct/original_lib/nvm_misc.c,525,nvm_add_oper at nvmbugs/005_nvm_direct/original_lib/nvm_transaction.c:1430,nvm_add_oper,nvmbugs/005_nvm_direct/original_lib/nvm_transaction.c,1430,nvm_undo at nvmbugs/005_nvm_direct/original_lib/nvm_transaction.c:1763,nvm_undo,nvmbugs/005_nvm_direct/original_lib/nvm_transaction.c,1763,nvm_alloc_blk at nvmbugs/005_nvm_direct/original_lib/nvm_heap.c:3306,nvm_alloc_blk,nvmbugs/005_nvm_direct/original_lib/nvm_heap.c,3306,nvm_alloc at nvmbugs/005_nvm_direct/original_lib/nvm_heap.c:1631,nvm_alloc,nvmbugs/005_nvm_direct/original_lib/nvm_heap.c,1631,__klee_posix_wrapped_main at nvmbugs/005_nvm_direct/allocs.c:83,__klee_posix_wrapped_main,nvmbugs/005_nvm_direct/allocs.c,83,__klee_posix_ctor_stub_insert_point at runtime/POSIX/./klee_init_env.c:555,__klee_posix_ctor_stub_insert_point,runtime/POSIX/./klee_init_env.c,555,__user_main at runtime/POSIX/./klee_init_env.c:563,__user_main,runtime/POSIX/./klee_init_env.c,563,__uClibc_main at libc/misc/internals/__uClibc_main.c:401,__uClibc_main,libc/misc/internals/__uClibc_main.c,401,main,main,,0
2294790493726529188,32396441,write (unpersisted),1070,nvm_txend at nvmbugs/005_nvm_direct/original_lib/nvm_transaction.c:885,nvm_txend,nvmbugs/005_nvm_direct/original_lib/nvm_transaction.c,885,nvm_create_region at nvmbugs/005_nvm_direct/original_lib/nvm_region.c:624,nvm_create_region,nvmbugs/005_nvm_direct/original_lib/nvm_region.c,624,__klee_posix_wrapped_main at nvmbugs/005_nvm_direct/allocs.c:72,__klee_posix_wrapped_main,nvmbugs/005_nvm_direct/allocs.c,72,__klee_posix_ctor_stub_insert_point at runtime/POSIX/./klee_init_env.c:555,__klee_posix_ctor_stub_insert_point,runtime/POSIX/./klee_init_env.c,555,__user_main at runtime/POSIX/./klee_init_env.c:563,__user_main,runtime/POSIX/./klee_init_env.c,563,__uClibc_main at libc/misc/internals/__uClibc_main.c:401,__uClibc_main,libc/misc/internals/__uClibc_main.c,401,main,main,,0
348410414048384453,32732690,flush (unnecessary),43,flush_clwb at nvmbugs/005_nvm_direct/original_lib/pmem.c:374,flush_clwb,nvmbugs/005_nvm_direct/original_lib/pmem.c,374,pmem_flush at nvmbugs/005_nvm_direct/original_lib/pmem.c:417,pmem_flush,nvmbugs/005_nvm_direct/original_lib/pmem.c,417,nvms_flush at nvmbugs/005_nvm_direct/original_lib/nvms_misc.c:112,nvms_flush,nvmbugs/005_nvm_direct/original_lib/nvms_misc.c,112,nvm_persist at nvmbugs/005_nvm_direct/original_lib/nvm_misc.c:525,nvm_persist,nvmbugs/005_nvm_direct/original_lib/nvm_misc.c,525,nvm_add_oper at nvmbugs/005_nvm_direct/original_lib/nvm_transaction.c:1430,nvm_add_oper,nvmbugs/005_nvm_direct/original_lib/nvm_transaction.c,1430,nvm_undo at nvmbugs/005_nvm_direct/original_lib/nvm_transaction.c:1763,nvm_undo,nvmbugs/005_nvm_direct/original_lib/nvm_transaction.c,1763,nvm_alloc at nvmbugs/005_nvm_direct/original_lib/nvm_heap.c:1650,nvm_alloc,nvmbugs/005_nvm_direct/original_lib/nvm_heap.c,1650,__klee_posix_wrapped_main at nvmbugs/005_nvm_direct/allocs.c:83,__klee_posix_wrapped_main,nvmbugs/005_nvm_direct/allocs.c,83,__klee_posix_ctor_stub_insert_point at runtime/POSIX/./klee_init_env.c:555,__klee_posix_ctor_stub_insert_point,runtime/POSIX/./klee_init_env.c,555,__user_main at runtime/POSIX/./klee_init_env.c:563,__user_main,runtime/POSIX/./klee_init_env.c,563,__uClibc_main at libc/misc/internals/__uClibc_main.c:401,__uClibc_main,libc/misc/internals/__uClibc_main.c,401,main,main,,0
17401231448316486446,32607986,flush (unnecessary),43,flush_clwb at nvmbugs/005_nvm_direct/original_lib/pmem.c:374,flush_clwb,nvmbugs/005_nvm_direct/original_lib/pmem.c,374,pmem_flush at nvmbugs/005_nvm_direct/original_lib/pmem.c:417,pmem_flush,nvmbugs/005_nvm_direct/original_lib/pmem.c,417,nvms_flush at nvmbugs/005_nvm_direct/original_lib/nvms_misc.c:112,nvms_flush,nvmbugs/005_nvm_direct/original_lib/nvms_misc.c,112,nvm_persist at nvmbugs/005_nvm_direct/original_lib/nvm_misc.c:525,nvm_persist,nvmbugs/005_nvm_direct/original_lib/nvm_misc.c,525,nvm_add_oper at nvmbugs/005_nvm_direct/original_lib/nvm_transaction.c:1430,nvm_add_oper,nvmbugs/005_nvm_direct/original_lib/nvm_transaction.c,1430,nvm_undo at nvmbugs/005_nvm_direct/original_lib/nvm_transaction.c:1763,nvm_undo,nvmbugs/005_nvm_direct/original_lib/nvm_transaction.c,1763,nvm_freelist_unlink at nvmbugs/005_nvm_direct/original_lib/nvm_heap.c:3051,nvm_freelist_unlink,nvmbugs/005_nvm_direct/original_lib/nvm_heap.c,3051,nvm_alloc_blk at nvmbugs/005_nvm_direct/original_lib/nvm_heap.c:3280,nvm_alloc_blk,nvmbugs/005_nvm_direct/original_lib/nvm_heap.c,3280,nvm_alloc at nvmbugs/005_nvm_direct/original_lib/nvm_heap.c:1631,nvm_alloc,nvmbugs/005_nvm_direct/original_lib/nvm_heap.c,1631,__klee_posix_wrapped_main at nvmbugs/005_nvm_direct/allocs.c:83,__klee_posix_wrapped_main,nvmbugs/005_nvm_direct/allocs.c,83,__klee_posix_ctor_stub_insert_point at runtime/POSIX/./klee_init_env.c:555,__klee_posix_ctor_stub_insert_point,runtime/POSIX/./klee_init_env.c,555,__user_main at runtime/POSIX/./klee_init_env.c:563,__user_main,runtime/POSIX/./klee_init_env.c,563,__uClibc_main at libc/misc/internals/__uClibc_main.c:401,__uClibc_main,libc/misc/internals/__uClibc_main.c,401,main,main,,0
7281351037745855046,30862217,flush (unnecessary),43,flush_clwb at nvmbugs/005_nvm_direct/original_lib/pmem.c:374,flush_clwb,nvmbugs/005_nvm_direct/original_lib/pmem.c,374,pmem_flush at nvmbugs/005_nvm_direct/original_lib/pmem.c:417,pmem_flush,nvmbugs/005_nvm_direct/original_lib/pmem.c,417,nvms_flush at nvmbugs/005_nvm_direct/original_lib/nvms_misc.c:112,nvms_flush,nvmbugs/005_nvm_direct/original_lib/nvms_misc.c,112,nvm_persist at nvmbugs/005_nvm_direct/original_lib/nvm_misc.c:525,nvm_persist,nvmbugs/005_nvm_direct/original_lib/nvm_misc.c,525,nvm_add_oper at nvmbugs/005_nvm_direct/original_lib/nvm_transaction.c:1430,nvm_add_oper,nvmbugs/005_nvm_direct/original_lib/nvm_transaction.c,1430,nvm_undo at nvmbugs/005_nvm_direct/original_lib/nvm_transaction.c:1763,nvm_undo,nvmbugs/005_nvm_direct/original_lib/nvm_transaction.c,1763,nvm_alloc at nvmbugs/005_nvm_direct/original_lib/nvm_heap.c:1668,nvm_alloc,nvmbugs/005_nvm_direct/original_lib/nvm_heap.c,1668,nvm_create_mutex_array1 at nvmbugs/005_nvm_direct/original_lib/nvm_locks.c:321,nvm_create_mutex_array1,nvmbugs/005_nvm_direct/original_lib/nvm_locks.c,321,nvm_create_region at nvmbugs/005_nvm_direct/original_lib/nvm_region.c:619,nvm_create_region,nvmbugs/005_nvm_direct/original_lib/nvm_region.c,619,__klee_posix_wrapped_main at nvmbugs/005_nvm_direct/allocs.c:72,__klee_posix_wrapped_main,nvmbugs/005_nvm_direct/allocs.c,72,__klee_posix_ctor_stub_insert_point at runtime/POSIX/./klee_init_env.c:555,__klee_posix_ctor_stub_insert_point,runtime/POSIX/./klee_init_env.c,555,__user_main at runtime/POSIX/./klee_init_env.c:563,__user_main,runtime/POSIX/./klee_init_env.c,563,__uClibc_main at libc/misc/internals/__uClibc_main.c:401,__uClibc_main,libc/misc/internals/__uClibc_main.c,401,main,main,,0
1101215636191499872,257737324,fence (unnecessary),43,predrain_fence_sfence at nvmbugs/005_nvm_direct/original_lib/pmem.c:279,predrain_fence_sfence,nvmbugs/005_nvm_direct/original_lib/pmem.c,279,drain_no_pcommit at nvmbugs/005_nvm_direct/original_lib/pmem.c:299,drain_no_pcommit,nvmbugs/005_nvm_direct/original_lib/pmem.c,299,pmem_drain at nvmbugs/005_nvm_direct/original_lib/pmem.c:336,pmem_drain,nvmbugs/005_nvm_direct/original_lib/pmem.c,336,nvms_persist at nvmbugs/005_nvm_direct/original_lib/nvms_misc.c:125,nvms_persist,nvmbugs/005_nvm_direct/original_lib/nvms_misc.c,125,nvm_persist at nvmbugs/005_nvm_direct/original_lib/nvm_misc.c:533,nvm_persist,nvmbugs/005_nvm_direct/original_lib/nvm_misc.c,533,nvm_commit at nvmbugs/005_nvm_direct/original_lib/nvm_transaction.c:2751,nvm_commit,nvmbugs/005_nvm_direct/original_lib/nvm_transaction.c,2751,nvm_txend at nvmbugs/005_nvm_direct/original_lib/nvm_transaction.c:793,nvm_txend,nvmbugs/005_nvm_direct/original_lib/nvm_transaction.c,793,nvm_unlock_callback at nvmbugs/005_nvm_direct/original_lib/nvm_transaction.c:2529,nvm_unlock_callback,nvmbugs/005_nvm_direct/original_lib/nvm_transaction.c,2529,nvm_commit at nvmbugs/005_nvm_direct/original_lib/nvm_transaction.c:2797,nvm_commit,nvmbugs/005_nvm_direct/original_lib/nvm_transaction.c,2797,nvm_txend at nvmbugs/005_nvm_direct/original_lib/nvm_transaction.c:836,nvm_txend,nvmbugs/005_nvm_direct/original_lib/nvm_transaction.c,836,nvm_set_txconfig at nvmbugs/005_nvm_direct/original_lib/nvm_transaction.c:4593,nvm_set_txconfig,nvmbugs/005_nvm_direct/original_lib/nvm_transaction.c,4593,__klee_posix_wrapped_main at nvmbugs/005_nvm_direct/allocs.c:151,__klee_posix_wrapped_main,nvmbugs/005_nvm_direct/allocs.c,151,__klee_posix_ctor_stub_insert_point at runtime/POSIX/./klee_init_env.c:555,__klee_posix_ctor_stub_insert_point,runtime/POSIX/./klee_init_env.c,555,__user_main at runtime/POSIX/./klee_init_env.c:563,__user_main,runtime/POSIX/./klee_init_env.c,563,__uClibc_main at libc/misc/internals/__uClibc_main.c:401,__uClibc_main,libc/misc/internals/__uClibc_main.c,401,main,main,,0
7111892404430588334,378896009,flush (unnecessary),43,flush_clwb at nvmbugs/005_nvm_direct/original_lib/pmem.c:374,flush_clwb,nvmbugs/005_nvm_direct/original_lib/pmem.c,374,pmem_flush at nvmbugs/005_nvm_direct/original_lib/pmem.c:417,pmem_flush,nvmbugs/005_nvm_direct/original_lib/pmem.c,417,nvms_flush at nvmbugs/005_nvm_direct/original_lib/nvms_misc.c:112,nvms_flush,nvmbugs/005_nvm_direct/original_lib/nvms_misc.c,112,nvm_persist at nvmbugs/005_nvm_direct/original_lib/nvm_misc.c:525,nvm_persist,nvmbugs/005_nvm_direct/original_lib/nvm_misc.c,525,nvm_add_oper at nvmbugs/005_nvm_direct/original_lib/nvm_transaction.c:1430,nvm_add_oper,nvmbugs/005_nvm_direct/original_lib/nvm_transaction.c,1430,nvm_onabort at nvmbugs/005_nvm_direct/original_lib/nvm_transaction.c:2079,nvm_onabort,nvmbugs/005_nvm_direct/original_lib/nvm_transaction.c,2079,nvm_resize_extent1 at nvmbugs/005_nvm_direct/original_lib/nvm_region.c:2806,nvm_resize_extent1,nvmbugs/005_nvm_direct/original_lib/nvm_region.c,2806,nvm_resize_heap at nvmbugs/005_nvm_direct/original_lib/nvm_heap.c:975,nvm_resize_heap,nvmbugs/005_nvm_direct/original_lib/nvm_heap.c,975,__klee_posix_wrapped_main at nvmbugs/005_nvm_direct/allocs.c:170,__klee_posix_wrapped_main,nvmbugs/005_nvm_direct/allocs.c,170,__klee_posix_ctor_stub_insert_point at runtime/POSIX/./klee_init_env.c:555,__klee_posix_ctor_stub_insert_point,runtime/POSIX/./klee_init_env.c,555,__user_main at runtime/POSIX/./klee_init_env.c:563,__user_main,runtime/POSIX/./klee_init_env.c,563,__uClibc_main at libc/misc/internals/__uClibc_main.c:401,__uClibc_main,libc/misc/internals/__uClibc_main.c,401,main,main,,0
3633935268499460908,508785435,flush (unnecessary),214,flush_clwb at nvmbugs/005_nvm_direct/original_lib/pmem.c:374,flush_clwb,nvmbugs/005_nvm_direct/original_lib/pmem.c,374,pmem_flush at nvmbugs/005_nvm_direct/original_lib/pmem.c:417,pmem_flush,nvmbugs/005_nvm_direct/original_lib/pmem.c,417,nvms_flush at nvmbugs/005_nvm_direct/original_lib/nvms_misc.c:112,nvms_flush,nvmbugs/005_nvm_direct/original_lib/nvms_misc.c,112,nvm_persist at nvmbugs/005_nvm_direct/original_lib/nvm_misc.c:525,nvm_persist,nvmbugs/005_nvm_direct/original_lib/nvm_misc.c,525,nvm_add_oper at nvmbugs/005_nvm_direct/original_lib/nvm_transaction.c:1430,nvm_add_oper,nvmbugs/005_nvm_direct/original_lib/nvm_transaction.c,1430,nvm_add_lock_op at nvmbugs/005_nvm_direct/original_lib/nvm_transaction.c:1914,nvm_add_lock_op,nvmbugs/005_nvm_direct/original_lib/nvm_transaction.c,1914,nvm_lock at nvmbugs/005_nvm_direct/original_lib/nvm_locks.c:867,nvm_lock,nvmbugs/005_nvm_direct/original_lib/nvm_locks.c,867,nvm_slock.113 at nvmbugs/005_nvm_direct/original_lib/nvm_locks.h:357,nvm_slock.113,nvmbugs/005_nvm_direct/original_lib/nvm_locks.h,357,nvm_remove_extent1 at nvmbugs/005_nvm_direct/original_lib/nvm_region.c:2398,nvm_remove_extent1,nvmbugs/005_nvm_direct/original_lib/nvm_region.c,2398,nvm_delete_heap at nvmbugs/005_nvm_direct/original_lib/nvm_heap.c:1195,nvm_delete_heap,nvmbugs/005_nvm_direct/original_lib/nvm_heap.c,1195,__klee_posix_wrapped_main at nvmbugs/005_nvm_direct/allocs.c:290,__klee_posix_wrapped_main,nvmbugs/005_nvm_direct/allocs.c,290,__klee_posix_ctor_stub_insert_point at runtime/POSIX/./klee_init_env.c:555,__klee_posix_ctor_stub_insert_point,runtime/POSIX/./klee_init_env.c,555,__user_main at runtime/POSIX/./klee_init_env.c:563,__user_main,runtime/POSIX/./klee_init_env.c,563,__uClibc_main at libc/misc/internals/__uClibc_main.c:401,__uClibc_main,libc/misc/internals/__uClibc_main.c,401,main,main,,0
129181686726820128,32361810,flush (unnecessary),43,flush_clwb at nvmbugs/005_nvm_direct/original_lib/pmem.c:374,flush_clwb,nvmbugs/005_nvm_direct/original_lib/pmem.c,374,pmem_flush at nvmbugs/005_nvm_direct/original_lib/pmem.c:417,pmem_flush,nvmbugs/005_nvm_direct/original_lib/pmem.c,417,nvms_flush at nvmbugs/005_nvm_direct/original_lib/nvms_misc.c:112,nvms_flush,nvmbugs/005_nvm_direct/original_lib/nvms_misc.c,112,nvm_flush1 at nvmbugs/005_nvm_direct/original_lib/nvm_misc.c:480,nvm_flush1,nvmbugs/005_nvm_direct/original_lib/nvm_misc.c,480,nvm_add_oper at nvmbugs/005_nvm_direct/original_lib/nvm_transaction.c:1429,nvm_add_oper,nvmbugs/005_nvm_direct/original_lib/nvm_transaction.c,1429,nvm_undo at nvmbugs/005_nvm_direct/original_lib/nvm_transaction.c:1763,nvm_undo,nvmbugs/005_nvm_direct/original_lib/nvm_transaction.c,1763,nvm_mutex_array_txset at nvmbugs/005_nvm_direct/original_lib/nvm_locks0.h:226,nvm_mutex_array_txset,nvmbugs/005_nvm_direct/original_lib/nvm_locks0.h,226,nvm_create_region at nvmbugs/005_nvm_direct/original_lib/nvm_region.c:623,nvm_create_region,nvmbugs/005_nvm_direct/original_lib/nvm_region.c,623,__klee_posix_wrapped_main at nvmbugs/005_nvm_direct/allocs.c:72,__klee_posix_wrapped_main,nvmbugs/005_nvm_direct/allocs.c,72,__klee_posix_ctor_stub_insert_point at runtime/POSIX/./klee_init_env.c:555,__klee_posix_ctor_stub_insert_point,runtime/POSIX/./klee_init_env.c,555,__user_main at runtime/POSIX/./klee_init_env.c:563,__user_main,runtime/POSIX/./klee_init_env.c,563,__uClibc_main at libc/misc/internals/__uClibc_main.c:401,__uClibc_main,libc/misc/internals/__uClibc_main.c,401,main,main,,0
14573081563048132322,257887573,fence (unnecessary),43,predrain_fence_sfence at nvmbugs/005_nvm_direct/original_lib/pmem.c:279,predrain_fence_sfence,nvmbugs/005_nvm_direct/original_lib/pmem.c,279,drain_no_pcommit at nvmbugs/005_nvm_direct/original_lib/pmem.c:299,drain_no_pcommit,nvmbugs/005_nvm_direct/original_lib/pmem.c,299,pmem_drain at nvmbugs/005_nvm_direct/original_lib/pmem.c:336,pmem_drain,nvmbugs/005_nvm_direct/original_lib/pmem.c,336,nvms_persist at nvmbugs/005_nvm_direct/original_lib/nvms_misc.c:125,nvms_persist,nvmbugs/005_nvm_direct/original_lib/nvms_misc.c,125,nvm_persist at nvmbugs/005_nvm_direct/original_lib/nvm_misc.c:533,nvm_persist,nvmbugs/005_nvm_direct/original_lib/nvm_misc.c,533,nvm_commit at nvmbugs/005_nvm_direct/original_lib/nvm_transaction.c:2751,nvm_commit,nvmbugs/005_nvm_direct/original_lib/nvm_transaction.c,2751,nvm_heap_test at nvmbugs/005_nvm_direct/original_lib/nvm_heap.c:2298,nvm_heap_test,nvmbugs/005_nvm_direct/original_lib/nvm_heap.c,2298,__klee_posix_wrapped_main at nvmbugs/005_nvm_direct/allocs.c:156,__klee_posix_wrapped_main,nvmbugs/005_nvm_direct/allocs.c,156,__klee_posix_ctor_stub_insert_point at runtime/POSIX/./klee_init_env.c:555,__klee_posix_ctor_stub_insert_point,runtime/POSIX/./klee_init_env.c,555,__user_main at runtime/POSIX/./klee_init_env.c:563,__user_main,runtime/POSIX/./klee_init_env.c,563,__uClibc_main at libc/misc/internals/__uClibc_main.c:401,__uClibc_main,libc/misc/internals/__uClibc_main.c,401,main,main,,0
12853198827441817693,30808881,flush (unnecessary),43,flush_clwb at nvmbugs/005_nvm_direct/original_lib/pmem.c:374,flush_clwb,nvmbugs/005_nvm_direct/original_lib/pmem.c,374,pmem_flush at nvmbugs/005_nvm_direct/original_lib/pmem.c:417,pmem_flush,nvmbugs/005_nvm_direct/original_lib/pmem.c,417,nvms_flush at nvmbugs/005_nvm_direct/original_lib/nvms_misc.c:112,nvms_flush,nvmbugs/005_nvm_direct/original_lib/nvms_misc.c,112,nvm_persist at nvmbugs/005_nvm_direct/original_lib/nvm_misc.c:525,nvm_persist,nvmbugs/005_nvm_direct/original_lib/nvm_misc.c,525,nvm_add_oper at nvmbugs/005_nvm_direct/original_lib/nvm_transaction.c:1430,nvm_add_oper,nvmbugs/005_nvm_direct/original_lib/nvm_transaction.c,1430,nvm_undo at nvmbugs/005_nvm_direct/original_lib/nvm_transaction.c:1763,nvm_undo,nvmbugs/005_nvm_direct/original_lib/nvm_transaction.c,1763,nvm_alloc at nvmbugs/005_nvm_direct/original_lib/nvm_heap.c:1643,nvm_alloc,nvmbugs/005_nvm_direct/original_lib/nvm_heap.c,1643,nvm_create_mutex_array1 at nvmbugs/005_nvm_direct/original_lib/nvm_locks.c:321,nvm_create_mutex_array1,nvmbugs/005_nvm_direct/original_lib/nvm_locks.c,321,nvm_create_region at nvmbugs/005_nvm_direct/original_lib/nvm_region.c:619,nvm_create_region,nvmbugs/005_nvm_direct/original_lib/nvm_region.c,619,__klee_posix_wrapped_main at nvmbugs/005_nvm_direct/allocs.c:72,__klee_posix_wrapped_main,nvmbugs/005_nvm_direct/allocs.c,72,__klee_posix_ctor_stub_insert_point at runtime/POSIX/./klee_init_env.c:555,__klee_posix_ctor_stub_insert_point,runtime/POSIX/./klee_init_env.c,555,__user_main at runtime/POSIX/./klee_init_env.c:563,__user_main,runtime/POSIX/./klee_init_env.c,563,__uClibc_main at libc/misc/internals/__uClibc_main.c:401,__uClibc_main,libc/misc/internals/__uClibc_main.c,401,main,main,,0
2758498701925155652,133350652,write (unpersisted),170,branch_set at nvmbugs/005_nvm_direct/types.h:34,branch_set,nvmbugs/005_nvm_direct/types.h,34,__klee_posix_wrapped_main at nvmbugs/005_nvm_direct/allocs.c:114,__klee_posix_wrapped_main,nvmbugs/005_nvm_direct/allocs.c,114,__klee_posix_ctor_stub_insert_point at runtime/POSIX/./klee_init_env.c:555,__klee_posix_ctor_stub_insert_point,runtime/POSIX/./klee_init_env.c,555,__user_main at runtime/POSIX/./klee_init_env.c:563,__user_main,runtime/POSIX/./klee_init_env.c,563,__uClibc_main at libc/misc/internals/__uClibc_main.c:401,__uClibc_main,libc/misc/internals/__uClibc_main.c,401,main,main,,0
10531975901580225513,257947456,fence (unnecessary),43,predrain_fence_sfence at nvmbugs/005_nvm_direct/original_lib/pmem.c:279,predrain_fence_sfence,nvmbugs/005_nvm_direct/original_lib/pmem.c,279,drain_no_pcommit at nvmbugs/005_nvm_direct/original_lib/pmem.c:299,drain_no_pcommit,nvmbugs/005_nvm_direct/original_lib/pmem.c,299,pmem_drain at nvmbugs/005_nvm_direct/original_lib/pmem.c:336,pmem_drain,nvmbugs/005_nvm_direct/original_lib/pmem.c,336,nvms_persist at nvmbugs/005_nvm_direct/original_lib/nvms_misc.c:125,nvms_persist,nvmbugs/005_nvm_direct/original_lib/nvms_misc.c,125,nvm_persist at nvmbugs/005_nvm_direct/original_lib/nvm_misc.c:533,nvm_persist,nvmbugs/005_nvm_direct/original_lib/nvm_misc.c,533,nvm_txend at nvmbugs/005_nvm_direct/original_lib/nvm_transaction.c:873,nvm_txend,nvmbugs/005_nvm_direct/original_lib/nvm_transaction.c,873,nvm_heap_test at nvmbugs/005_nvm_direct/original_lib/nvm_heap.c:2299,nvm_heap_test,nvmbugs/005_nvm_direct/original_lib/nvm_heap.c,2299,__klee_posix_wrapped_main at nvmbugs/005_nvm_direct/allocs.c:156,__klee_posix_wrapped_main,nvmbugs/005_nvm_direct/allocs.c,156,__klee_posix_ctor_stub_insert_point at runtime/POSIX/./klee_init_env.c:555,__klee_posix_ctor_stub_insert_point,runtime/POSIX/./klee_init_env.c,555,__user_main at runtime/POSIX/./klee_init_env.c:563,__user_main,runtime/POSIX/./klee_init_env.c,563,__uClibc_main at libc/misc/internals/__uClibc_main.c:401,__uClibc_main,libc/misc/internals/__uClibc_main.c,401,main,main,,0
5582428362807779878,258378535,fence (unnecessary),43,predrain_fence_sfence at nvmbugs/005_nvm_direct/original_lib/pmem.c:279,predrain_fence_sfence,nvmbugs/005_nvm_direct/original_lib/pmem.c,279,drain_no_pcommit at nvmbugs/005_nvm_direct/original_lib/pmem.c:299,drain_no_pcommit,nvmbugs/005_nvm_direct/original_lib/pmem.c,299,pmem_drain at nvmbugs/005_nvm_direct/original_lib/pmem.c:336,pmem_drain,nvmbugs/005_nvm_direct/original_lib/pmem.c,336,nvms_persist at nvmbugs/005_nvm_direct/original_lib/nvms_misc.c:125,nvms_persist,nvmbugs/005_nvm_direct/original_lib/nvms_misc.c,125,nvm_persist at nvmbugs/005_nvm_direct/original_lib/nvm_misc.c:533,nvm_persist,nvmbugs/005_nvm_direct/original_lib/nvm_misc.c,533,nvm_commit at nvmbugs/005_nvm_direct/original_lib/nvm_transaction.c:2751,nvm_commit,nvmbugs/005_nvm_direct/original_lib/nvm_transaction.c,2751,nvm_query_extents at nvmbugs/005_nvm_direct/original_lib/nvm_region.c:3089,nvm_query_extents,nvmbugs/005_nvm_direct/original_lib/nvm_region.c,3089,report at nvmbugs/005_nvm_direct/allocs.c:320,report,nvmbugs/005_nvm_direct/allocs.c,320,__klee_posix_wrapped_main at nvmbugs/005_nvm_direct/allocs.c:157,__klee_posix_wrapped_main,nvmbugs/005_nvm_direct/allocs.c,157,__klee_posix_ctor_stub_insert_point at runtime/POSIX/./klee_init_env.c:555,__klee_posix_ctor_stub_insert_point,runtime/POSIX/./klee_init_env.c,555,__user_main at runtime/POSIX/./klee_init_env.c:563,__user_main,runtime/POSIX/./klee_init_env.c,563,__uClibc_main at libc/misc/internals/__uClibc_main.c:401,__uClibc_main,libc/misc/internals/__uClibc_main.c,401,main,main,,0
1819045775151722044,486847550,write (unpersisted),8560,memcpy at libc/string/memcpy.c:29,memcpy,libc/string/memcpy.c,29,_block_writev at runtime/POSIX/./buffers.c:387,_block_writev,runtime/POSIX/./buffers.c,387,_block_write at runtime/POSIX/./buffers.c:403,_block_write,runtime/POSIX/./buffers.c,403,_write_symbolic at runtime/POSIX/./symfs.c:64,_write_symbolic,runtime/POSIX/./symfs.c,64,_write_file at runtime/POSIX/./files.c:209,_write_file,runtime/POSIX/./files.c,209,_clean_write at runtime/POSIX/./fd.c:170,_clean_write,runtime/POSIX/./fd.c,170,_write at runtime/POSIX/./fd.c:413,_write,runtime/POSIX/./fd.c,413,pwrite at runtime/POSIX/./fd.c:426,pwrite,runtime/POSIX/./fd.c,426,nvms_alloc_range at nvmbugs/005_nvm_direct/original_lib/nvms_region.c:633,nvms_alloc_range,nvmbugs/005_nvm_direct/original_lib/nvms_region.c,633,nvm_resize_extent1 at nvmbugs/005_nvm_direct/original_lib/nvm_region.c:2819,nvm_resize_extent1,nvmbugs/005_nvm_direct/original_lib/nvm_region.c,2819,nvm_resize_heap at nvmbugs/005_nvm_direct/original_lib/nvm_heap.c:975,nvm_resize_heap,nvmbugs/005_nvm_direct/original_lib/nvm_heap.c,975,__klee_posix_wrapped_main at nvmbugs/005_nvm_direct/allocs.c:170,__klee_posix_wrapped_main,nvmbugs/005_nvm_direct/allocs.c,170,__klee_posix_ctor_stub_insert_point at runtime/POSIX/./klee_init_env.c:555,__klee_posix_ctor_stub_insert_point,runtime/POSIX/./klee_init_env.c,555,__user_main at runtime/POSIX/./klee_init_env.c:563,__user_main,runtime/POSIX/./klee_init_env.c,563,__uClibc_main at libc/misc/internals/__uClibc_main.c:401,__uClibc_main,libc/misc/internals/__uClibc_main.c,401,main,main,,0
2535817296562307403,257195005,flush (unnecessary),43,flush_clwb at nvmbugs/005_nvm_direct/original_lib/pmem.c:374,flush_clwb,nvmbugs/005_nvm_direct/original_lib/pmem.c,374,pmem_flush at nvmbugs/005_nvm_direct/original_lib/pmem.c:417,pmem_flush,nvmbugs/005_nvm_direct/original_lib/pmem.c,417,nvms_flush at nvmbugs/005_nvm_direct/original_lib/nvms_misc.c:112,nvms_flush,nvmbugs/005_nvm_direct/original_lib/nvms_misc.c,112,nvm_persist at nvmbugs/005_nvm_direct/original_lib/nvm_misc.c:525,nvm_persist,nvmbugs/005_nvm_direct/original_lib/nvm_misc.c,525,nvm_add_oper at nvmbugs/005_nvm_direct/original_lib/nvm_transaction.c:1430,nvm_add_oper,nvmbugs/005_nvm_direct/original_lib/nvm_transaction.c,1430,nvm_txbegin at nvmbugs/005_nvm_direct/original_lib/nvm_transaction.c:598,nvm_txbegin,nvmbugs/005_nvm_direct/original_lib/nvm_transaction.c,598,nvm_commit at nvmbugs/005_nvm_direct/original_lib/nvm_transaction.c:2851,nvm_commit,nvmbugs/005_nvm_direct/original_lib/nvm_transaction.c,2851,nvm_txend at nvmbugs/005_nvm_direct/original_lib/nvm_transaction.c:836,nvm_txend,nvmbugs/005_nvm_direct/original_lib/nvm_transaction.c,836,__klee_posix_wrapped_main at nvmbugs/005_nvm_direct/allocs.c:133,__klee_posix_wrapped_main,nvmbugs/005_nvm_direct/allocs.c,133,__klee_posix_ctor_stub_insert_point at runtime/POSIX/./klee_init_env.c:555,__klee_posix_ctor_stub_insert_point,runtime/POSIX/./klee_init_env.c,555,__user_main at runtime/POSIX/./klee_init_env.c:563,__user_main,runtime/POSIX/./klee_init_env.c,563,__uClibc_main at libc/misc/internals/__uClibc_main.c:401,__uClibc_main,libc/misc/internals/__uClibc_main.c,401,main,main,,0
3113466728277089276,509121375,flush (unnecessary),428,flush_clwb at nvmbugs/005_nvm_direct/original_lib/pmem.c:374,flush_clwb,nvmbugs/005_nvm_direct/original_lib/pmem.c,374,pmem_flush at nvmbugs/005_nvm_direct/original_lib/pmem.c:417,pmem_flush,nvmbugs/005_nvm_direct/original_lib/pmem.c,417,nvms_flush at nvmbugs/005_nvm_direct/original_lib/nvms_misc.c:112,nvms_flush,nvmbugs/005_nvm_direct/original_lib/nvms_misc.c,112,nvm_persist at nvmbugs/005_nvm_direct/original_lib/nvm_misc.c:525,nvm_persist,nvmbugs/005_nvm_direct/original_lib/nvm_misc.c,525,nvm_add_oper at nvmbugs/005_nvm_direct/original_lib/nvm_transaction.c:1430,nvm_add_oper,nvmbugs/005_nvm_direct/original_lib/nvm_transaction.c,1430,nvm_undo at nvmbugs/005_nvm_direct/original_lib/nvm_transaction.c:1763,nvm_undo,nvmbugs/005_nvm_direct/original_lib/nvm_transaction.c,1763,nvm_commit at nvmbugs/005_nvm_direct/original_lib/nvm_transaction.c:2856,nvm_commit,nvmbugs/005_nvm_direct/original_lib/nvm_transaction.c,2856,__klee_posix_wrapped_main at nvmbugs/005_nvm_direct/allocs.c:293,__klee_posix_wrapped_main,nvmbugs/005_nvm_direct/allocs.c,293,__klee_posix_ctor_stub_insert_point at runtime/POSIX/./klee_init_env.c:555,__klee_posix_ctor_stub_insert_point,runtime/POSIX/./klee_init_env.c,555,__user_main at runtime/POSIX/./klee_init_env.c:563,__user_main,runtime/POSIX/./klee_init_env.c,563,__uClibc_main at libc/misc/internals/__uClibc_main.c:401,__uClibc_main,libc/misc/internals/__uClibc_main.c,401,main,main,,0
14620801869279044945,30565278,write (unpersisted),1070,nvm_recover at nvmbugs/005_nvm_direct/original_lib/nvm_transaction.c:5294,nvm_recover,nvmbugs/005_nvm_direct/original_lib/nvm_transaction.c,5294,nvm_create_region at nvmbugs/005_nvm_direct/original_lib/nvm_region.c:607,nvm_create_region,nvmbugs/005_nvm_direct/original_lib/nvm_region.c,607,__klee_posix_wrapped_main at nvmbugs/005_nvm_direct/allocs.c:72,__klee_posix_wrapped_main,nvmbugs/005_nvm_direct/allocs.c,72,__klee_posix_ctor_stub_insert_point at runtime/POSIX/./klee_init_env.c:555,__klee_posix_ctor_stub_insert_point,runtime/POSIX/./klee_init_env.c,555,__user_main at runtime/POSIX/./klee_init_env.c:563,__user_main,runtime/POSIX/./klee_init_env.c,563,__uClibc_main at libc/misc/internals/__uClibc_main.c:401,__uClibc_main,libc/misc/internals/__uClibc_main.c,401,main,main,,0
6312149222563191095,257694189,flush (unnecessary),43,flush_clwb at nvmbugs/005_nvm_direct/original_lib/pmem.c:374,flush_clwb,nvmbugs/005_nvm_direct/original_lib/pmem.c,374,pmem_flush at nvmbugs/005_nvm_direct/original_lib/pmem.c:417,pmem_flush,nvmbugs/005_nvm_direct/original_lib/pmem.c,417,nvms_flush at nvmbugs/005_nvm_direct/original_lib/nvms_misc.c:112,nvms_flush,nvmbugs/005_nvm_direct/original_lib/nvms_misc.c,112,nvm_persist at nvmbugs/005_nvm_direct/original_lib/nvm_misc.c:525,nvm_persist,nvmbugs/005_nvm_direct/original_lib/nvm_misc.c,525,nvm_add_oper at nvmbugs/005_nvm_direct/original_lib/nvm_transaction.c:1430,nvm_add_oper,nvmbugs/005_nvm_direct/original_lib/nvm_transaction.c,1430,nvm_undo at nvmbugs/005_nvm_direct/original_lib/nvm_transaction.c:1763,nvm_undo,nvmbugs/005_nvm_direct/original_lib/nvm_transaction.c,1763,nvm_unlock_callback at nvmbugs/005_nvm_direct/original_lib/nvm_transaction.c:2521,nvm_unlock_callback,nvmbugs/005_nvm_direct/original_lib/nvm_transaction.c,2521,nvm_commit at nvmbugs/005_nvm_direct/original_lib/nvm_transaction.c:2797,nvm_commit,nvmbugs/005_nvm_direct/original_lib/nvm_transaction.c,2797,nvm_txend at nvmbugs/005_nvm_direct/original_lib/nvm_transaction.c:836,nvm_txend,nvmbugs/005_nvm_direct/original_lib/nvm_transaction.c,836,nvm_set_txconfig at nvmbugs/005_nvm_direct/original_lib/nvm_transaction.c:4593,nvm_set_txconfig,nvmbugs/005_nvm_direct/original_lib/nvm_transaction.c,4593,__klee_posix_wrapped_main at nvmbugs/005_nvm_direct/allocs.c:151,__klee_posix_wrapped_main,nvmbugs/005_nvm_direct/allocs.c,151,__klee_posix_ctor_stub_insert_point at runtime/POSIX/./klee_init_env.c:555,__klee_posix_ctor_stub_insert_point,runtime/POSIX/./klee_init_env.c,555,__user_main at runtime/POSIX/./klee_init_env.c:563,__user_main,runtime/POSIX/./klee_init_env.c,563,__uClibc_main at libc/misc/internals/__uClibc_main.c:401,__uClibc_main,libc/misc/internals/__uClibc_main.c,401,main,main,,0
15450545961113300614,12755895,write (unpersisted),1070,nvm_blk_set at nvmbugs/005_nvm_direct/original_lib/nvm_heap0.h:89,nvm_blk_set,nvmbugs/005_nvm_direct/original_lib/nvm_heap0.h,89,nvm_create_baseheap at nvmbugs/005_nvm_direct/original_lib/nvm_heap.c:360,nvm_create_baseheap,nvmbugs/005_nvm_direct/original_lib/nvm_heap.c,360,nvm_create_rootheap at nvmbugs/005_nvm_direct/original_lib/nvm_heap.c:176,nvm_create_rootheap,nvmbugs/005_nvm_direct/original_lib/nvm_heap.c,176,nvm_create_region at nvmbugs/005_nvm_direct/original_lib/nvm_region.c:595,nvm_create_region,nvmbugs/005_nvm_direct/original_lib/nvm_region.c,595,__klee_posix_wrapped_main at nvmbugs/005_nvm_direct/allocs.c:72,__klee_posix_wrapped_main,nvmbugs/005_nvm_direct/allocs.c,72,__klee_posix_ctor_stub_insert_point at runtime/POSIX/./klee_init_env.c:555,__klee_posix_ctor_stub_insert_point,runtime/POSIX/./klee_init_env.c,555,__user_main at runtime/POSIX/./klee_init_env.c:563,__user_main,runtime/POSIX/./klee_init_env.c,563,__uClibc_main at libc/misc/internals/__uClibc_main.c:401,__uClibc_main,libc/misc/internals/__uClibc_main.c,401,main,main,,0
9061265419034732610,257803134,fence (unnecessary),43,predrain_fence_sfence at nvmbugs/005_nvm_direct/original_lib/pmem.c:279,predrain_fence_sfence,nvmbugs/005_nvm_direct/original_lib/pmem.c,279,drain_no_pcommit at nvmbugs/005_nvm_direct/original_lib/pmem.c:299,drain_no_pcommit,nvmbugs/005_nvm_direct/original_lib/pmem.c,299,pmem_drain at nvmbugs/005_nvm_direct/original_lib/pmem.c:336,pmem_drain,nvmbugs/005_nvm_direct/original_lib/pmem.c,336,nvms_persist at nvmbugs/005_nvm_direct/original_lib/nvms_misc.c:125,nvms_persist,nvmbugs/005_nvm_direct/original_lib/nvms_misc.c,125,nvm_persist at nvmbugs/005_nvm_direct/original_lib/nvm_misc.c:533,nvm_persist,nvmbugs/005_nvm_direct/original_lib/nvm_misc.c,533,nvm_txend at nvmbugs/005_nvm_direct/original_lib/nvm_transaction.c:873,nvm_txend,nvmbugs/005_nvm_direct/original_lib/nvm_transaction.c,873,nvm_set_txconfig at nvmbugs/005_nvm_direct/original_lib/nvm_transaction.c:4593,nvm_set_txconfig,nvmbugs/005_nvm_direct/original_lib/nvm_transaction.c,4593,__klee_posix_wrapped_main at nvmbugs/005_nvm_direct/allocs.c:151,__klee_posix_wrapped_main,nvmbugs/005_nvm_direct/allocs.c,151,__klee_posix_ctor_stub_insert_point at runtime/POSIX/./klee_init_env.c:555,__klee_posix_ctor_stub_insert_point,runtime/POSIX/./klee_init_env.c,555,__user_main at runtime/POSIX/./klee_init_env.c:563,__user_main,runtime/POSIX/./klee_init_env.c,563,__uClibc_main at libc/misc/internals/__uClibc_main.c:401,__uClibc_main,libc/misc/internals/__uClibc_main.c,401,main,main,,0
12948053383285720937,12725508,write (unpersisted),1070,nvm_create_baseheap at nvmbugs/005_nvm_direct/original_lib/nvm_heap.c:350,nvm_create_baseheap,nvmbugs/005_nvm_direct/original_lib/nvm_heap.c,350,nvm_create_rootheap at nvmbugs/005_nvm_direct/original_lib/nvm_heap.c:176,nvm_create_rootheap,nvmbugs/005_nvm_direct/original_lib/nvm_heap.c,176,nvm_create_region at nvmbugs/005_nvm_direct/original_lib/nvm_region.c:595,nvm_create_region,nvmbugs/005_nvm_direct/original_lib/nvm_region.c,595,__klee_posix_wrapped_main at nvmbugs/005_nvm_direct/allocs.c:72,__klee_posix_wrapped_main,nvmbugs/005_nvm_direct/allocs.c,72,__klee_posix_ctor_stub_insert_point at runtime/POSIX/./klee_init_env.c:555,__klee_posix_ctor_stub_insert_point,runtime/POSIX/./klee_init_env.c,555,__user_main at runtime/POSIX/./klee_init_env.c:563,__user_main,runtime/POSIX/./klee_init_env.c,563,__uClibc_main at libc/misc/internals/__uClibc_main.c:401,__uClibc_main,libc/misc/internals/__uClibc_main.c,401,main,main,,0
12449815290089958774,258825108,flush (unnecessary),43,flush_clwb at nvmbugs/005_nvm_direct/original_lib/pmem.c:374,flush_clwb,nvmbugs/005_nvm_direct/original_lib/pmem.c,374,pmem_flush at nvmbugs/005_nvm_direct/original_lib/pmem.c:417,pmem_flush,nvmbugs/005_nvm_direct/original_lib/pmem.c,417,nvms_flush at nvmbugs/005_nvm_direct/original_lib/nvms_misc.c:112,nvms_flush,nvmbugs/005_nvm_direct/original_lib/nvms_misc.c,112,nvm_persist at nvmbugs/005_nvm_direct/original_lib/nvm_misc.c:525,nvm_persist,nvmbugs/005_nvm_direct/original_lib/nvm_misc.c,525,nvm_add_oper at nvmbugs/005_nvm_direct/original_lib/nvm_transaction.c:1430,nvm_add_oper,nvmbugs/005_nvm_direct/original_lib/nvm_transaction.c,1430,nvm_add_lock_op at nvmbugs/005_nvm_direct/original_lib/nvm_transaction.c:1914,nvm_add_lock_op,nvmbugs/005_nvm_direct/original_lib/nvm_transaction.c,1914,nvm_lock at nvmbugs/005_nvm_direct/original_lib/nvm_locks.c:867,nvm_lock,nvmbugs/005_nvm_direct/original_lib/nvm_locks.c,867,nvm_xlock.102 at nvmbugs/005_nvm_direct/original_lib/nvm_locks.h:333,nvm_xlock.102,nvmbugs/005_nvm_direct/original_lib/nvm_locks.h,333,nvm_resize_extent1 at nvmbugs/005_nvm_direct/original_lib/nvm_region.c:2715,nvm_resize_extent1,nvmbugs/005_nvm_direct/original_lib/nvm_region.c,2715,nvm_resize_extent at nvmbugs/005_nvm_direct/original_lib/nvm_region.c:2661,nvm_resize_extent,nvmbugs/005_nvm_direct/original_lib/nvm_region.c,2661,__klee_posix_wrapped_main at nvmbugs/005_nvm_direct/allocs.c:162,__klee_posix_wrapped_main,nvmbugs/005_nvm_direct/allocs.c,162,__klee_posix_ctor_stub_insert_point at runtime/POSIX/./klee_init_env.c:555,__klee_posix_ctor_stub_insert_point,runtime/POSIX/./klee_init_env.c,555,__user_main at runtime/POSIX/./klee_init_env.c:563,__user_main,runtime/POSIX/./klee_init_env.c,563,__uClibc_main at libc/misc/internals/__uClibc_main.c:401,__uClibc_main,libc/misc/internals/__uClibc_main.c,401,main,main,,0
1526545951792076901,33199850,flush (unnecessary),43,flush_clwb at nvmbugs/005_nvm_direct/original_lib/pmem.c:374,flush_clwb,nvmbugs/005_nvm_direct/original_lib/pmem.c,374,pmem_flush at nvmbugs/005_nvm_direct/original_lib/pmem.c:417,pmem_flush,nvmbugs/005_nvm_direct/original_lib/pmem.c,417,nvms_flush at nvmbugs/005_nvm_direct/original_lib/nvms_misc.c:112,nvms_flush,nvmbugs/005_nvm_direct/original_lib/nvms_misc.c,112,nvm_persist at nvmbugs/005_nvm_direct/original_lib/nvm_misc.c:525,nvm_persist,nvmbugs/005_nvm_direct/original_lib/nvm_misc.c,525,nvm_add_oper at nvmbugs/005_nvm_direct/original_lib/nvm_transaction.c:1430,nvm_add_oper,nvmbugs/005_nvm_direct/original_lib/nvm_transaction.c,1430,nvm_undo at nvmbugs/005_nvm_direct/original_lib/nvm_transaction.c:1763,nvm_undo,nvmbugs/005_nvm_direct/original_lib/nvm_transaction.c,1763,nvm_freelist_unlink at nvmbugs/005_nvm_direct/original_lib/nvm_heap.c:3027,nvm_freelist_unlink,nvmbugs/005_nvm_direct/original_lib/nvm_heap.c,3027,nvm_alloc_blk at nvmbugs/005_nvm_direct/original_lib/nvm_heap.c:3280,nvm_alloc_blk,nvmbugs/005_nvm_direct/original_lib/nvm_heap.c,3280,nvm_alloc at nvmbugs/005_nvm_direct/original_lib/nvm_heap.c:1631,nvm_alloc,nvmbugs/005_nvm_direct/original_lib/nvm_heap.c,1631,nvm_add_extent at nvmbugs/005_nvm_direct/original_lib/nvm_region.c:2131,nvm_add_extent,nvmbugs/005_nvm_direct/original_lib/nvm_region.c,2131,__klee_posix_wrapped_main at nvmbugs/005_nvm_direct/allocs.c:100,__klee_posix_wrapped_main,nvmbugs/005_nvm_direct/allocs.c,100,__klee_posix_ctor_stub_insert_point at runtime/POSIX/./klee_init_env.c:555,__klee_posix_ctor_stub_insert_point,runtime/POSIX/./klee_init_env.c,555,__user_main at runtime/POSIX/./klee_init_env.c:563,__user_main,runtime/POSIX/./klee_init_env.c,563,__uClibc_main at libc/misc/internals/__uClibc_main.c:401,__uClibc_main,libc/misc/internals/__uClibc_main.c,401,main,main,,0
4218013489896436539,505537168,flush (unnecessary),43,flush_clwb at nvmbugs/005_nvm_direct/original_lib/pmem.c:374,flush_clwb,nvmbugs/005_nvm_direct/original_lib/pmem.c,374,pmem_flush at nvmbugs/005_nvm_direct/original_lib/pmem.c:417,pmem_flush,nvmbugs/005_nvm_direct/original_lib/pmem.c,417,nvms_flush at nvmbugs/005_nvm_direct/original_lib/nvms_misc.c:112,nvms_flush,nvmbugs/005_nvm_direct/original_lib/nvms_misc.c,112,nvm_persist at nvmbugs/005_nvm_direct/original_lib/nvm_misc.c:525,nvm_persist,nvmbugs/005_nvm_direct/original_lib/nvm_misc.c,525,nvm_add_oper at nvmbugs/005_nvm_direct/original_lib/nvm_transaction.c:1430,nvm_add_oper,nvmbugs/005_nvm_direct/original_lib/nvm_transaction.c,1430,nvm_undo at nvmbugs/005_nvm_direct/original_lib/nvm_transaction.c:1763,nvm_undo,nvmbugs/005_nvm_direct/original_lib/nvm_transaction.c,1763,nvm_freelist_unlink at nvmbugs/005_nvm_direct/original_lib/nvm_heap.c:3027,nvm_freelist_unlink,nvmbugs/005_nvm_direct/original_lib/nvm_heap.c,3027,nvm_resize_heap at nvmbugs/005_nvm_direct/original_lib/nvm_heap.c:1007,nvm_resize_heap,nvmbugs/005_nvm_direct/original_lib/nvm_heap.c,1007,__klee_posix_wrapped_main at nvmbugs/005_nvm_direct/allocs.c:170,__klee_posix_wrapped_main,nvmbugs/005_nvm_direct/allocs.c,170,__klee_posix_ctor_stub_insert_point at runtime/POSIX/./klee_init_env.c:555,__klee_posix_ctor_stub_insert_point,runtime/POSIX/./klee_init_env.c,555,__user_main at runtime/POSIX/./klee_init_env.c:563,__user_main,runtime/POSIX/./klee_init_env.c,563,__uClibc_main at libc/misc/internals/__uClibc_main.c:401,__uClibc_main,libc/misc/internals/__uClibc_main.c,401,main,main,,0
7158405649431549838,32465767,flush (unnecessary),43,flush_clwb at nvmbugs/005_nvm_direct/original_lib/pmem.c:374,flush_clwb,nvmbugs/005_nvm_direct/original_lib/pmem.c,374,pmem_flush at nvmbugs/005_nvm_direct/original_lib/pmem.c:417,pmem_flush,nvmbugs/005_nvm_direct/original_lib/pmem.c,417,nvms_flush at nvmbugs/005_nvm_direct/original_lib/nvms_misc.c:112,nvms_flush,nvmbugs/005_nvm_direct/original_lib/nvms_misc.c,112,nvm_persist at nvmbugs/005_nvm_direct/original_lib/nvm_misc.c:525,nvm_persist,nvmbugs/005_nvm_direct/original_lib/nvm_misc.c,525,nvm_txbegin at nvmbugs/005_nvm_direct/original_lib/nvm_transaction.c:545,nvm_txbegin,nvmbugs/005_nvm_direct/original_lib/nvm_transaction.c,545,__klee_posix_wrapped_main at nvmbugs/005_nvm_direct/allocs.c:82,__klee_posix_wrapped_main,nvmbugs/005_nvm_direct/allocs.c,82,__klee_posix_ctor_stub_insert_point at runtime/POSIX/./klee_init_env.c:555,__klee_posix_ctor_stub_insert_point,runtime/POSIX/./klee_init_env.c,555,__user_main at runtime/POSIX/./klee_init_env.c:563,__user_main,runtime/POSIX/./klee_init_env.c,563,__uClibc_main at libc/misc/internals/__uClibc_main.c:401,__uClibc_main,libc/misc/internals/__uClibc_main.c,401,main,main,,0
14607018907714075340,258938967,flush (unnecessary),86,flush_clwb at nvmbugs/005_nvm_direct/original_lib/pmem.c:374,flush_clwb,nvmbugs/005_nvm_direct/original_lib/pmem.c,374,pmem_flush at nvmbugs/005_nvm_direct/original_lib/pmem.c:417,pmem_flush,nvmbugs/005_nvm_direct/original_lib/pmem.c,417,nvms_flush at nvmbugs/005_nvm_direct/original_lib/nvms_misc.c:112,nvms_flush,nvmbugs/005_nvm_direct/original_lib/nvms_misc.c,112,nvm_persist at nvmbugs/005_nvm_direct/original_lib/nvm_misc.c:525,nvm_persist,nvmbugs/005_nvm_direct/original_lib/nvm_misc.c,525,nvm_add_oper at nvmbugs/005_nvm_direct/original_lib/nvm_transaction.c:1430,nvm_add_oper,nvmbugs/005_nvm_direct/original_lib/nvm_transaction.c,1430,nvm_undo at nvmbugs/005_nvm_direct/original_lib/nvm_transaction.c:1763,nvm_undo,nvmbugs/005_nvm_direct/original_lib/nvm_transaction.c,1763,nvm_resize_extent1 at nvmbugs/005_nvm_direct/original_lib/nvm_region.c:2813,nvm_resize_extent1,nvmbugs/005_nvm_direct/original_lib/nvm_region.c,2813,nvm_resize_extent at nvmbugs/005_nvm_direct/original_lib/nvm_region.c:2661,nvm_resize_extent,nvmbugs/005_nvm_direct/original_lib/nvm_region.c,2661,__klee_posix_wrapped_main at nvmbugs/005_nvm_direct/allocs.c:162,__klee_posix_wrapped_main,nvmbugs/005_nvm_direct/allocs.c,162,__klee_posix_ctor_stub_insert_point at runtime/POSIX/./klee_init_env.c:555,__klee_posix_ctor_stub_insert_point,runtime/POSIX/./klee_init_env.c,555,__user_main at runtime/POSIX/./klee_init_env.c:563,__user_main,runtime/POSIX/./klee_init_env.c,563,__uClibc_main at libc/misc/internals/__uClibc_main.c:401,__uClibc_main,libc/misc/internals/__uClibc_main.c,401,main,main,,0
938261314846160456,1859893597,flush (unnecessary),24,flush_clwb at nvmbugs/005_nvm_direct/original_lib/pmem.c:374,flush_clwb,nvmbugs/005_nvm_direct/original_lib/pmem.c,374,pmem_flush at nvmbugs/005_nvm_direct/original_lib/pmem.c:417,pmem_flush,nvmbugs/005_nvm_direct/original_lib/pmem.c,417,nvms_flush at nvmbugs/005_nvm_direct/original_lib/nvms_misc.c:112,nvms_flush,nvmbugs/005_nvm_direct/original_lib/nvms_misc.c,112,nvm_persist at nvmbugs/005_nvm_direct/original_lib/nvm_misc.c:525,nvm_persist,nvmbugs/005_nvm_direct/original_lib/nvm_misc.c,525,nvm_add_oper at nvmbugs/005_nvm_direct/original_lib/nvm_transaction.c:1430,nvm_add_oper,nvmbugs/005_nvm_direct/original_lib/nvm_transaction.c,1430,nvm_undo at nvmbugs/005_nvm_direct/original_lib/nvm_transaction.c:1763,nvm_undo,nvmbugs/005_nvm_direct/original_lib/nvm_transaction.c,1763,nvm_blk_undo at nvmbugs/005_nvm_direct/original_lib/nvm_heap.c:2854,nvm_blk_undo,nvmbugs/005_nvm_direct/original_lib/nvm_heap.c,2854,nvm_free_blk at nvmbugs/005_nvm_direct/original_lib/nvm_heap.c:3432,nvm_free_blk,nvmbugs/005_nvm_direct/original_lib/nvm_heap.c,3432,nvm_free_callback at nvmbugs/005_nvm_direct/original_lib/nvm_heap.c:1964,nvm_free_callback,nvmbugs/005_nvm_direct/original_lib/nvm_heap.c,1964,nvm_commit at nvmbugs/005_nvm_direct/original_lib/nvm_transaction.c:2861,nvm_commit,nvmbugs/005_nvm_direct/original_lib/nvm_transaction.c,2861,nvm_txend at nvmbugs/005_nvm_direct/original_lib/nvm_transaction.c:836,nvm_txend,nvmbugs/005_nvm_direct/original_lib/nvm_transaction.c,836,__klee_posix_wrapped_main at nvmbugs/005_nvm_direct/allocs.c:281,__klee_posix_wrapped_main,nvmbugs/005_nvm_direct/allocs.c,281,__klee_posix_ctor_stub_insert_point at runtime/POSIX/./klee_init_env.c:555,__klee_posix_ctor_stub_insert_point,runtime/POSIX/./klee_init_env.c,555,__user_main at runtime/POSIX/./klee_init_env.c:563,__user_main,runtime/POSIX/./klee_init_env.c,563,__uClibc_main at libc/misc/internals/__uClibc_main.c:401,__uClibc_main,libc/misc/internals/__uClibc_main.c,401,main,main,,0
16283629177695482168,506652597,flush (unnecessary),86,flush_clwb at nvmbugs/005_nvm_direct/original_lib/pmem.c:374,flush_clwb,nvmbugs/005_nvm_direct/original_lib/pmem.c,374,pmem_flush at nvmbugs/005_nvm_direct/original_lib/pmem.c:417,pmem_flush,nvmbugs/005_nvm_direct/original_lib/pmem.c,417,nvms_flush at nvmbugs/005_nvm_direct/original_lib/nvms_misc.c:112,nvms_flush,nvmbugs/005_nvm_direct/original_lib/nvms_misc.c,112,nvm_persist at nvmbugs/005_nvm_direct/original_lib/nvm_misc.c:525,nvm_persist,nvmbugs/005_nvm_direct/original_lib/nvm_misc.c,525,nvm_add_oper at nvmbugs/005_nvm_direct/original_lib/nvm_transaction.c:1430,nvm_add_oper,nvmbugs/005_nvm_direct/original_lib/nvm_transaction.c,1430,nvm_undo at nvmbugs/005_nvm_direct/original_lib/nvm_transaction.c:1763,nvm_undo,nvmbugs/005_nvm_direct/original_lib/nvm_transaction.c,1763,nvm_resize_heap at nvmbugs/005_nvm_direct/original_lib/nvm_heap.c:990,nvm_resize_heap,nvmbugs/005_nvm_direct/original_lib/nvm_heap.c,990,__klee_posix_wrapped_main at nvmbugs/005_nvm_direct/allocs.c:231,__klee_posix_wrapped_main,nvmbugs/005_nvm_direct/allocs.c,231,__klee_posix_ctor_stub_insert_point at runtime/POSIX/./klee_init_env.c:555,__klee_posix_ctor_stub_insert_point,runtime/POSIX/./klee_init_env.c,555,__user_main at runtime/POSIX/./klee_init_env.c:563,__user_main,runtime/POSIX/./klee_init_env.c,563,__uClibc_main at libc/misc/internals/__uClibc_main.c:401,__uClibc_main,libc/misc/internals/__uClibc_main.c,401,main,main,,0
9377654326625500993,378646786,fence (unnecessary),43,predrain_fence_sfence at nvmbugs/005_nvm_direct/original_lib/pmem.c:279,predrain_fence_sfence,nvmbugs/005_nvm_direct/original_lib/pmem.c,279,drain_no_pcommit at nvmbugs/005_nvm_direct/original_lib/pmem.c:299,drain_no_pcommit,nvmbugs/005_nvm_direct/original_lib/pmem.c,299,pmem_drain at nvmbugs/005_nvm_direct/original_lib/pmem.c:336,pmem_drain,nvmbugs/005_nvm_direct/original_lib/pmem.c,336,nvms_persist at nvmbugs/005_nvm_direct/original_lib/nvms_misc.c:125,nvms_persist,nvmbugs/005_nvm_direct/original_lib/nvms_misc.c,125,nvm_persist at nvmbugs/005_nvm_direct/original_lib/nvm_misc.c:533,nvm_persist,nvmbugs/005_nvm_direct/original_lib/nvm_misc.c,533,nvm_commit at nvmbugs/005_nvm_direct/original_lib/nvm_transaction.c:2751,nvm_commit,nvmbugs/005_nvm_direct/original_lib/nvm_transaction.c,2751,__klee_posix_wrapped_main at nvmbugs/005_nvm_direct/allocs.c:163,__klee_posix_wrapped_main,nvmbugs/005_nvm_direct/allocs.c,163,__klee_posix_ctor_stub_insert_point at runtime/POSIX/./klee_init_env.c:555,__klee_posix_ctor_stub_insert_point,runtime/POSIX/./klee_init_env.c,555,__user_main at runtime/POSIX/./klee_init_env.c:563,__user_main,runtime/POSIX/./klee_init_env.c,563,__uClibc_main at libc/misc/internals/__uClibc_main.c:401,__uClibc_main,libc/misc/internals/__uClibc_main.c,401,main,main,,0
17111996432409806650,1770576913,flush (unnecessary),68,flush_clwb at nvmbugs/005_nvm_direct/original_lib/pmem.c:374,flush_clwb,nvmbugs/005_nvm_direct/original_lib/pmem.c,374,pmem_flush at nvmbugs/005_nvm_direct/original_lib/pmem.c:417,pmem_flush,nvmbugs/005_nvm_direct/original_lib/pmem.c,417,nvms_flush at nvmbugs/005_nvm_direct/original_lib/nvms_misc.c:112,nvms_flush,nvmbugs/005_nvm_direct/original_lib/nvms_misc.c,112,nvm_persist at nvmbugs/005_nvm_direct/original_lib/nvm_misc.c:525,nvm_persist,nvmbugs/005_nvm_direct/original_lib/nvm_misc.c,525,nvm_add_oper at nvmbugs/005_nvm_direct/original_lib/nvm_transaction.c:1430,nvm_add_oper,nvmbugs/005_nvm_direct/original_lib/nvm_transaction.c,1430,nvm_undo at nvmbugs/005_nvm_direct/original_lib/nvm_transaction.c:1763,nvm_undo,nvmbugs/005_nvm_direct/original_lib/nvm_transaction.c,1763,nvm_upgrade at nvmbugs/005_nvm_direct/original_lib/nvm_usid.c:741,nvm_upgrade,nvmbugs/005_nvm_direct/original_lib/nvm_usid.c,741,nvm_verify.603 at nvmbugs/005_nvm_direct/lib/nvm_usid.h:685,nvm_verify.603,nvmbugs/005_nvm_direct/lib/nvm_usid.h,685,__klee_posix_wrapped_main at nvmbugs/005_nvm_direct/allocs.c:247,__klee_posix_wrapped_main,nvmbugs/005_nvm_direct/allocs.c,247,__klee_posix_ctor_stub_insert_point at runtime/POSIX/./klee_init_env.c:555,__klee_posix_ctor_stub_insert_point,runtime/POSIX/./klee_init_env.c,555,__user_main at runtime/POSIX/./klee_init_env.c:563,__user_main,runtime/POSIX/./klee_init_env.c,563,__uClibc_main at libc/misc/internals/__uClibc_main.c:401,__uClibc_main,libc/misc/internals/__uClibc_main.c,401,main,main,,0
3632851810185285579,33159076,flush (unnecessary),43,flush_clwb at nvmbugs/005_nvm_direct/original_lib/pmem.c:374,flush_clwb,nvmbugs/005_nvm_direct/original_lib/pmem.c,374,pmem_flush at nvmbugs/005_nvm_direct/original_lib/pmem.c:417,pmem_flush,nvmbugs/005_nvm_direct/original_lib/pmem.c,417,nvms_flush at nvmbugs/005_nvm_direct/original_lib/nvms_misc.c:112,nvms_flush,nvmbugs/005_nvm_direct/original_lib/nvms_misc.c,112,nvm_persist at nvmbugs/005_nvm_direct/original_lib/nvm_misc.c:525,nvm_persist,nvmbugs/005_nvm_direct/original_lib/nvm_misc.c,525,nvm_add_oper at nvmbugs/005_nvm_direct/original_lib/nvm_transaction.c:1430,nvm_add_oper,nvmbugs/005_nvm_direct/original_lib/nvm_transaction.c,1430,nvm_undo at nvmbugs/005_nvm_direct/original_lib/nvm_transaction.c:1763,nvm_undo,nvmbugs/005_nvm_direct/original_lib/nvm_transaction.c,1763,nvm_blk_undo at nvmbugs/005_nvm_direct/original_lib/nvm_heap.c:2853,nvm_blk_undo,nvmbugs/005_nvm_direct/original_lib/nvm_heap.c,2853,nvm_alloc_blk at nvmbugs/005_nvm_direct/original_lib/nvm_heap.c:3275,nvm_alloc_blk,nvmbugs/005_nvm_direct/original_lib/nvm_heap.c,3275,nvm_alloc at nvmbugs/005_nvm_direct/original_lib/nvm_heap.c:1631,nvm_alloc,nvmbugs/005_nvm_direct/original_lib/nvm_heap.c,1631,nvm_add_extent at nvmbugs/005_nvm_direct/original_lib/nvm_region.c:2131,nvm_add_extent,nvmbugs/005_nvm_direct/original_lib/nvm_region.c,2131,__klee_posix_wrapped_main at nvmbugs/005_nvm_direct/allocs.c:100,__klee_posix_wrapped_main,nvmbugs/005_nvm_direct/allocs.c,100,__klee_posix_ctor_stub_insert_point at runtime/POSIX/./klee_init_env.c:555,__klee_posix_ctor_stub_insert_point,runtime/POSIX/./klee_init_env.c,555,__user_main at runtime/POSIX/./klee_init_env.c:563,__user_main,runtime/POSIX/./klee_init_env.c,563,__uClibc_main at libc/misc/internals/__uClibc_main.c:401,__uClibc_main,libc/misc/internals/__uClibc_main.c,401,main,main,,0
14055660075615014359,505514466,flush (unnecessary),86,flush_clwb at nvmbugs/005_nvm_direct/original_lib/pmem.c:374,flush_clwb,nvmbugs/005_nvm_direct/original_lib/pmem.c,374,pmem_flush at nvmbugs/005_nvm_direct/original_lib/pmem.c:417,pmem_flush,nvmbugs/005_nvm_direct/original_lib/pmem.c,417,nvms_flush at nvmbugs/005_nvm_direct/original_lib/nvms_misc.c:112,nvms_flush,nvmbugs/005_nvm_direct/original_lib/nvms_misc.c,112,nvm_persist at nvmbugs/005_nvm_direct/original_lib/nvm_misc.c:525,nvm_persist,nvmbugs/005_nvm_direct/original_lib/nvm_misc.c,525,nvm_add_oper at nvmbugs/005_nvm_direct/original_lib/nvm_transaction.c:1430,nvm_add_oper,nvmbugs/005_nvm_direct/original_lib/nvm_transaction.c,1430,nvm_undo at nvmbugs/005_nvm_direct/original_lib/nvm_transaction.c:1763,nvm_undo,nvmbugs/005_nvm_direct/original_lib/nvm_transaction.c,1763,nvm_blk_undo at nvmbugs/005_nvm_direct/original_lib/nvm_heap.c:2854,nvm_blk_undo,nvmbugs/005_nvm_direct/original_lib/nvm_heap.c,2854,nvm_resize_heap at nvmbugs/005_nvm_direct/original_lib/nvm_heap.c:998,nvm_resize_heap,nvmbugs/005_nvm_direct/original_lib/nvm_heap.c,998,__klee_posix_wrapped_main at nvmbugs/005_nvm_direct/allocs.c:170,__klee_posix_wrapped_main,nvmbugs/005_nvm_direct/allocs.c,170,__klee_posix_ctor_stub_insert_point at runtime/POSIX/./klee_init_env.c:555,__klee_posix_ctor_stub_insert_point,runtime/POSIX/./klee_init_env.c,555,__user_main at runtime/POSIX/./klee_init_env.c:563,__user_main,runtime/POSIX/./klee_init_env.c,563,__uClibc_main at libc/misc/internals/__uClibc_main.c:401,__uClibc_main,libc/misc/internals/__uClibc_main.c,401,main,main,,0
10780410704019307182,257087061,write (unpersisted),380,nvm_blk_set at nvmbugs/005_nvm_direct/original_lib/nvm_heap0.h:89,nvm_blk_set,nvmbugs/005_nvm_direct/original_lib/nvm_heap0.h,89,nvm_create_baseheap at nvmbugs/005_nvm_direct/original_lib/nvm_heap.c:359,nvm_create_baseheap,nvmbugs/005_nvm_direct/original_lib/nvm_heap.c,359,nvm_create_heap at nvmbugs/005_nvm_direct/original_lib/nvm_heap.c:738,nvm_create_heap,nvmbugs/005_nvm_direct/original_lib/nvm_heap.c,738,__klee_posix_wrapped_main at nvmbugs/005_nvm_direct/allocs.c:125,__klee_posix_wrapped_main,nvmbugs/005_nvm_direct/allocs.c,125,__klee_posix_ctor_stub_insert_point at runtime/POSIX/./klee_init_env.c:555,__klee_posix_ctor_stub_insert_point,runtime/POSIX/./klee_init_env.c,555,__user_main at runtime/POSIX/./klee_init_env.c:563,__user_main,runtime/POSIX/./klee_init_env.c,563,__uClibc_main at libc/misc/internals/__uClibc_main.c:401,__uClibc_main,libc/misc/internals/__uClibc_main.c,401,main,main,,0
9956442524414184376,506098768,fence (unnecessary),43,predrain_fence_sfence at nvmbugs/005_nvm_direct/original_lib/pmem.c:279,predrain_fence_sfence,nvmbugs/005_nvm_direct/original_lib/pmem.c,279,drain_no_pcommit at nvmbugs/005_nvm_direct/original_lib/pmem.c:299,drain_no_pcommit,nvmbugs/005_nvm_direct/original_lib/pmem.c,299,pmem_drain at nvmbugs/005_nvm_direct/original_lib/pmem.c:336,pmem_drain,nvmbugs/005_nvm_direct/original_lib/pmem.c,336,nvms_persist at nvmbugs/005_nvm_direct/original_lib/nvms_misc.c:125,nvms_persist,nvmbugs/005_nvm_direct/original_lib/nvms_misc.c,125,nvm_persist at nvmbugs/005_nvm_direct/original_lib/nvm_misc.c:533,nvm_persist,nvmbugs/005_nvm_direct/original_lib/nvm_misc.c,533,nvm_commit at nvmbugs/005_nvm_direct/original_lib/nvm_transaction.c:2751,nvm_commit,nvmbugs/005_nvm_direct/original_lib/nvm_transaction.c,2751,__klee_posix_wrapped_main at nvmbugs/005_nvm_direct/allocs.c:204,__klee_posix_wrapped_main,nvmbugs/005_nvm_direct/allocs.c,204,__klee_posix_ctor_stub_insert_point at runtime/POSIX/./klee_init_env.c:555,__klee_posix_ctor_stub_insert_point,runtime/POSIX/./klee_init_env.c,555,__user_main at runtime/POSIX/./klee_init_env.c:563,__user_main,runtime/POSIX/./klee_init_env.c,563,__uClibc_main at libc/misc/internals/__uClibc_main.c:401,__uClibc_main,libc/misc/internals/__uClibc_main.c,401,main,main,,0
13228321087117150918,378678520,fence (unnecessary),43,predrain_fence_sfence at nvmbugs/005_nvm_direct/original_lib/pmem.c:279,predrain_fence_sfence,nvmbugs/005_nvm_direct/original_lib/pmem.c,279,drain_no_pcommit at nvmbugs/005_nvm_direct/original_lib/pmem.c:299,drain_no_pcommit,nvmbugs/005_nvm_direct/original_lib/pmem.c,299,pmem_drain at nvmbugs/005_nvm_direct/original_lib/pmem.c:336,pmem_drain,nvmbugs/005_nvm_direct/original_lib/pmem.c,336,nvms_persist at nvmbugs/005_nvm_direct/original_lib/nvms_misc.c:125,nvms_persist,nvmbugs/005_nvm_direct/original_lib/nvms_misc.c,125,nvm_persist at nvmbugs/005_nvm_direct/original_lib/nvm_misc.c:533,nvm_persist,nvmbugs/005_nvm_direct/original_lib/nvm_misc.c,533,nvm_txend at nvmbugs/005_nvm_direct/original_lib/nvm_transaction.c:873,nvm_txend,nvmbugs/005_nvm_direct/original_lib/nvm_transaction.c,873,__klee_posix_wrapped_main at nvmbugs/005_nvm_direct/allocs.c:164,__klee_posix_wrapped_main,nvmbugs/005_nvm_direct/allocs.c,164,__klee_posix_ctor_stub_insert_point at runtime/POSIX/./klee_init_env.c:555,__klee_posix_ctor_stub_insert_point,runtime/POSIX/./klee_init_env.c,555,__user_main at runtime/POSIX/./klee_init_env.c:563,__user_main,runtime/POSIX/./klee_init_env.c,563,__uClibc_main at libc/misc/internals/__uClibc_main.c:401,__uClibc_main,libc/misc/internals/__uClibc_main.c,401,main,main,,0
3944708376434531686,1075275082,flush (unnecessary),492,flush_clwb at nvmbugs/005_nvm_direct/original_lib/pmem.c:374,flush_clwb,nvmbugs/005_nvm_direct/original_lib/pmem.c,374,pmem_flush at nvmbugs/005_nvm_direct/original_lib/pmem.c:417,pmem_flush,nvmbugs/005_nvm_direct/original_lib/pmem.c,417,nvms_flush at nvmbugs/005_nvm_direct/original_lib/nvms_misc.c:112,nvms_flush,nvmbugs/005_nvm_direct/original_lib/nvms_misc.c,112,nvm_persist at nvmbugs/005_nvm_direct/original_lib/nvm_misc.c:525,nvm_persist,nvmbugs/005_nvm_direct/original_lib/nvm_misc.c,525,nvm_add_oper at nvmbugs/005_nvm_direct/original_lib/nvm_transaction.c:1430,nvm_add_oper,nvmbugs/005_nvm_direct/original_lib/nvm_transaction.c,1430,nvm_undo at nvmbugs/005_nvm_direct/original_lib/nvm_transaction.c:1763,nvm_undo,nvmbugs/005_nvm_direct/original_lib/nvm_transaction.c,1763,nvm_freelist_unlink at nvmbugs/005_nvm_direct/original_lib/nvm_heap.c:3051,nvm_freelist_unlink,nvmbugs/005_nvm_direct/original_lib/nvm_heap.c,3051,nvm_alloc_blk at nvmbugs/005_nvm_direct/original_lib/nvm_heap.c:3280,nvm_alloc_blk,nvmbugs/005_nvm_direct/original_lib/nvm_heap.c,3280,nvm_alloc at nvmbugs/005_nvm_direct/original_lib/nvm_heap.c:1631,nvm_alloc,nvmbugs/005_nvm_direct/original_lib/nvm_heap.c,1631,__klee_posix_wrapped_main at nvmbugs/005_nvm_direct/allocs.c:272,__klee_posix_wrapped_main,nvmbugs/005_nvm_direct/allocs.c,272,__klee_posix_ctor_stub_insert_point at runtime/POSIX/./klee_init_env.c:555,__klee_posix_ctor_stub_insert_point,runtime/POSIX/./klee_init_env.c,555,__user_main at runtime/POSIX/./klee_init_env.c:563,__user_main,runtime/POSIX/./klee_init_env.c,563,__uClibc_main at libc/misc/internals/__uClibc_main.c:401,__uClibc_main,libc/misc/internals/__uClibc_main.c,401,main,main,,0
12132295447828115287,378688594,flush (unnecessary),43,flush_clwb at nvmbugs/005_nvm_direct/original_lib/pmem.c:374,flush_clwb,nvmbugs/005_nvm_direct/original_lib/pmem.c,374,pmem_flush at nvmbugs/005_nvm_direct/original_lib/pmem.c:417,pmem_flush,nvmbugs/005_nvm_direct/original_lib/pmem.c,417,nvms_flush at nvmbugs/005_nvm_direct/original_lib/nvms_misc.c:112,nvms_flush,nvmbugs/005_nvm_direct/original_lib/nvms_misc.c,112,nvm_persist at nvmbugs/005_nvm_direct/original_lib/nvm_misc.c:525,nvm_persist,nvmbugs/005_nvm_direct/original_lib/nvm_misc.c,525,nvm_txbegin at nvmbugs/005_nvm_direct/original_lib/nvm_transaction.c:545,nvm_txbegin,nvmbugs/005_nvm_direct/original_lib/nvm_transaction.c,545,nvm_resize_heap at nvmbugs/005_nvm_direct/original_lib/nvm_heap.c:926,nvm_resize_heap,nvmbugs/005_nvm_direct/original_lib/nvm_heap.c,926,__klee_posix_wrapped_main at nvmbugs/005_nvm_direct/allocs.c:170,__klee_posix_wrapped_main,nvmbugs/005_nvm_direct/allocs.c,170,__klee_posix_ctor_stub_insert_point at runtime/POSIX/./klee_init_env.c:555,__klee_posix_ctor_stub_insert_point,runtime/POSIX/./klee_init_env.c,555,__user_main at runtime/POSIX/./klee_init_env.c:563,__user_main,runtime/POSIX/./klee_init_env.c,563,__uClibc_main at libc/misc/internals/__uClibc_main.c:401,__uClibc_main,libc/misc/internals/__uClibc_main.c,401,main,main,,0
17496446278637088073,505432358,flush (unnecessary),43,flush_clwb at nvmbugs/005_nvm_direct/original_lib/pmem.c:374,flush_clwb,nvmbugs/005_nvm_direct/original_lib/pmem.c,374,pmem_flush at nvmbugs/005_nvm_direct/original_lib/pmem.c:417,pmem_flush,nvmbugs/005_nvm_direct/original_lib/pmem.c,417,nvms_flush at nvmbugs/005_nvm_direct/original_lib/nvms_misc.c:112,nvms_flush,nvmbugs/005_nvm_direct/original_lib/nvms_misc.c,112,nvm_persist at nvmbugs/005_nvm_direct/original_lib/nvm_misc.c:525,nvm_persist,nvmbugs/005_nvm_direct/original_lib/nvm_misc.c,525,nvm_add_oper at nvmbugs/005_nvm_direct/original_lib/nvm_transaction.c:1430,nvm_add_oper,nvmbugs/005_nvm_direct/original_lib/nvm_transaction.c,1430,nvm_undo at nvmbugs/005_nvm_direct/original_lib/nvm_transaction.c:1763,nvm_undo,nvmbugs/005_nvm_direct/original_lib/nvm_transaction.c,1763,nvm_blk_undo at nvmbugs/005_nvm_direct/original_lib/nvm_heap.c:2853,nvm_blk_undo,nvmbugs/005_nvm_direct/original_lib/nvm_heap.c,2853,nvm_resize_heap at nvmbugs/005_nvm_direct/original_lib/nvm_heap.c:986,nvm_resize_heap,nvmbugs/005_nvm_direct/original_lib/nvm_heap.c,986,__klee_posix_wrapped_main at nvmbugs/005_nvm_direct/allocs.c:170,__klee_posix_wrapped_main,nvmbugs/005_nvm_direct/allocs.c,170,__klee_posix_ctor_stub_insert_point at runtime/POSIX/./klee_init_env.c:555,__klee_posix_ctor_stub_insert_point,runtime/POSIX/./klee_init_env.c,555,__user_main at runtime/POSIX/./klee_init_env.c:563,__user_main,runtime/POSIX/./klee_init_env.c,563,__uClibc_main at libc/misc/internals/__uClibc_main.c:401,__uClibc_main,libc/misc/internals/__uClibc_main.c,401,main,main,,0
770222924765459804,505464716,flush (unnecessary),86,flush_clwb at nvmbugs/005_nvm_direct/original_lib/pmem.c:374,flush_clwb,nvmbugs/005_nvm_direct/original_lib/pmem.c,374,pmem_flush at nvmbugs/005_nvm_direct/original_lib/pmem.c:417,pmem_flush,nvmbugs/005_nvm_direct/original_lib/pmem.c,417,nvms_flush at nvmbugs/005_nvm_direct/original_lib/nvms_misc.c:112,nvms_flush,nvmbugs/005_nvm_direct/original_lib/nvms_misc.c,112,nvm_persist at nvmbugs/005_nvm_direct/original_lib/nvm_misc.c:525,nvm_persist,nvmbugs/005_nvm_direct/original_lib/nvm_misc.c,525,nvm_add_oper at nvmbugs/005_nvm_direct/original_lib/nvm_transaction.c:1430,nvm_add_oper,nvmbugs/005_nvm_direct/original_lib/nvm_transaction.c,1430,nvm_undo at nvmbugs/005_nvm_direct/original_lib/nvm_transaction.c:1763,nvm_undo,nvmbugs/005_nvm_direct/original_lib/nvm_transaction.c,1763,nvm_blk_undo at nvmbugs/005_nvm_direct/original_lib/nvm_heap.c:2854,nvm_blk_undo,nvmbugs/005_nvm_direct/original_lib/nvm_heap.c,2854,nvm_resize_heap at nvmbugs/005_nvm_direct/original_lib/nvm_heap.c:986,nvm_resize_heap,nvmbugs/005_nvm_direct/original_lib/nvm_heap.c,986,__klee_posix_wrapped_main at nvmbugs/005_nvm_direct/allocs.c:170,__klee_posix_wrapped_main,nvmbugs/005_nvm_direct/allocs.c,170,__klee_posix_ctor_stub_insert_point at runtime/POSIX/./klee_init_env.c:555,__klee_posix_ctor_stub_insert_point,runtime/POSIX/./klee_init_env.c,555,__user_main at runtime/POSIX/./klee_init_env.c:563,__user_main,runtime/POSIX/./klee_init_env.c,563,__uClibc_main at libc/misc/internals/__uClibc_main.c:401,__uClibc_main,libc/misc/internals/__uClibc_main.c,401,main,main,,0
9677898840148762046,505483029,flush (unnecessary),43,flush_clwb at nvmbugs/005_nvm_direct/original_lib/pmem.c:374,flush_clwb,nvmbugs/005_nvm_direct/original_lib/pmem.c,374,pmem_flush at nvmbugs/005_nvm_direct/original_lib/pmem.c:417,pmem_flush,nvmbugs/005_nvm_direct/original_lib/pmem.c,417,nvms_flush at nvmbugs/005_nvm_direct/original_lib/nvms_misc.c:112,nvms_flush,nvmbugs/005_nvm_direct/original_lib/nvms_misc.c,112,nvm_persist at nvmbugs/005_nvm_direct/original_lib/nvm_misc.c:525,nvm_persist,nvmbugs/005_nvm_direct/original_lib/nvm_misc.c,525,nvm_add_oper at nvmbugs/005_nvm_direct/original_lib/nvm_transaction.c:1430,nvm_add_oper,nvmbugs/005_nvm_direct/original_lib/nvm_transaction.c,1430,nvm_undo at nvmbugs/005_nvm_direct/original_lib/nvm_transaction.c:1763,nvm_undo,nvmbugs/005_nvm_direct/original_lib/nvm_transaction.c,1763,nvm_blk_undo at nvmbugs/005_nvm_direct/original_lib/nvm_heap.c:2853,nvm_blk_undo,nvmbugs/005_nvm_direct/original_lib/nvm_heap.c,2853,nvm_resize_heap at nvmbugs/005_nvm_direct/original_lib/nvm_heap.c:998,nvm_resize_heap,nvmbugs/005_nvm_direct/original_lib/nvm_heap.c,998,__klee_posix_wrapped_main at nvmbugs/005_nvm_direct/allocs.c:170,__klee_posix_wrapped_main,nvmbugs/005_nvm_direct/allocs.c,170,__klee_posix_ctor_stub_insert_point at runtime/POSIX/./klee_init_env.c:555,__klee_posix_ctor_stub_insert_point,runtime/POSIX/./klee_init_env.c,555,__user_main at runtime/POSIX/./klee_init_env.c:563,__user_main,runtime/POSIX/./klee_init_env.c,563,__uClibc_main at libc/misc/internals/__uClibc_main.c:401,__uClibc_main,libc/misc/internals/__uClibc_main.c,401,main,main,,0
12693667956716973625,1797484443,flush (unnecessary),8,flush_clwb at nvmbugs/005_nvm_direct/original_lib/pmem.c:374,flush_clwb,nvmbugs/005_nvm_direct/original_lib/pmem.c,374,pmem_flush at nvmbugs/005_nvm_direct/original_lib/pmem.c:417,pmem_flush,nvmbugs/005_nvm_direct/original_lib/pmem.c,417,nvms_flush at nvmbugs/005_nvm_direct/original_lib/nvms_misc.c:112,nvms_flush,nvmbugs/005_nvm_direct/original_lib/nvms_misc.c,112,nvm_persist at nvmbugs/005_nvm_direct/original_lib/nvm_misc.c:525,nvm_persist,nvmbugs/005_nvm_direct/original_lib/nvm_misc.c,525,nvm_add_oper at nvmbugs/005_nvm_direct/original_lib/nvm_transaction.c:1430,nvm_add_oper,nvmbugs/005_nvm_direct/original_lib/nvm_transaction.c,1430,nvm_undo at nvmbugs/005_nvm_direct/original_lib/nvm_transaction.c:1763,nvm_undo,nvmbugs/005_nvm_direct/original_lib/nvm_transaction.c,1763,nvm_free_callback at nvmbugs/005_nvm_direct/original_lib/nvm_heap.c:1939,nvm_free_callback,nvmbugs/005_nvm_direct/original_lib/nvm_heap.c,1939,nvm_commit at nvmbugs/005_nvm_direct/original_lib/nvm_transaction.c:2861,nvm_commit,nvmbugs/005_nvm_direct/original_lib/nvm_transaction.c,2861,nvm_txend at nvmbugs/005_nvm_direct/original_lib/nvm_transaction.c:836,nvm_txend,nvmbugs/005_nvm_direct/original_lib/nvm_transaction.c,836,__klee_posix_wrapped_main at nvmbugs/005_nvm_direct/allocs.c:281,__klee_posix_wrapped_main,nvmbugs/005_nvm_direct/allocs.c,281,__klee_posix_ctor_stub_insert_point at runtime/POSIX/./klee_init_env.c:555,__klee_posix_ctor_stub_insert_point,runtime/POSIX/./klee_init_env.c,555,__user_main at runtime/POSIX/./klee_init_env.c:563,__user_main,runtime/POSIX/./klee_init_env.c,563,__uClibc_main at libc/misc/internals/__uClibc_main.c:401,__uClibc_main,libc/misc/internals/__uClibc_main.c,401,main,main,,0
13651586365953006528,505564301,flush (unnecessary),43,flush_clwb at nvmbugs/005_nvm_direct/original_lib/pmem.c:374,flush_clwb,nvmbugs/005_nvm_direct/original_lib/pmem.c,374,pmem_flush at nvmbugs/005_nvm_direct/original_lib/pmem.c:417,pmem_flush,nvmbugs/005_nvm_direct/original_lib/pmem.c,417,nvms_flush at nvmbugs/005_nvm_direct/original_lib/nvms_misc.c:112,nvms_flush,nvmbugs/005_nvm_direct/original_lib/nvms_misc.c,112,nvm_persist at nvmbugs/005_nvm_direct/original_lib/nvm_misc.c:525,nvm_persist,nvmbugs/005_nvm_direct/original_lib/nvm_misc.c,525,nvm_add_oper at nvmbugs/005_nvm_direct/original_lib/nvm_transaction.c:1430,nvm_add_oper,nvmbugs/005_nvm_direct/original_lib/nvm_transaction.c,1430,nvm_undo at nvmbugs/005_nvm_direct/original_lib/nvm_transaction.c:1763,nvm_undo,nvmbugs/005_nvm_direct/original_lib/nvm_transaction.c,1763,nvm_freelist_unlink at nvmbugs/005_nvm_direct/original_lib/nvm_heap.c:3051,nvm_freelist_unlink,nvmbugs/005_nvm_direct/original_lib/nvm_heap.c,3051,nvm_resize_heap at nvmbugs/005_nvm_direct/original_lib/nvm_heap.c:1007,nvm_resize_heap,nvmbugs/005_nvm_direct/original_lib/nvm_heap.c,1007,__klee_posix_wrapped_main at nvmbugs/005_nvm_direct/allocs.c:170,__klee_posix_wrapped_main,nvmbugs/005_nvm_direct/allocs.c,170,__klee_posix_ctor_stub_insert_point at runtime/POSIX/./klee_init_env.c:555,__klee_posix_ctor_stub_insert_point,runtime/POSIX/./klee_init_env.c,555,__user_main at runtime/POSIX/./klee_init_env.c:563,__user_main,runtime/POSIX/./klee_init_env.c,563,__uClibc_main at libc/misc/internals/__uClibc_main.c:401,__uClibc_main,libc/misc/internals/__uClibc_main.c,401,main,main,,0
10359305744210093816,257814309,flush (unnecessary),43,flush_clwb at nvmbugs/005_nvm_direct/original_lib/pmem.c:374,flush_clwb,nvmbugs/005_nvm_direct/original_lib/pmem.c,374,pmem_flush at nvmbugs/005_nvm_direct/original_lib/pmem.c:417,pmem_flush,nvmbugs/005_nvm_direct/original_lib/pmem.c,417,nvms_flush at nvmbugs/005_nvm_direct/original_lib/nvms_misc.c:112,nvms_flush,nvmbugs/005_nvm_direct/original_lib/nvms_misc.c,112,nvm_persist at nvmbugs/005_nvm_direct/original_lib/nvm_misc.c:525,nvm_persist,nvmbugs/005_nvm_direct/original_lib/nvm_misc.c,525,nvm_txbegin at nvmbugs/005_nvm_direct/original_lib/nvm_transaction.c:545,nvm_txbegin,nvmbugs/005_nvm_direct/original_lib/nvm_transaction.c,545,nvm_heap_test at nvmbugs/005_nvm_direct/original_lib/nvm_heap.c:2283,nvm_heap_test,nvmbugs/005_nvm_direct/original_lib/nvm_heap.c,2283,__klee_posix_wrapped_main at nvmbugs/005_nvm_direct/allocs.c:156,__klee_posix_wrapped_main,nvmbugs/005_nvm_direct/allocs.c,156,__klee_posix_ctor_stub_insert_point at runtime/POSIX/./klee_init_env.c:555,__klee_posix_ctor_stub_insert_point,runtime/POSIX/./klee_init_env.c,555,__user_main at runtime/POSIX/./klee_init_env.c:563,__user_main,runtime/POSIX/./klee_init_env.c,563,__uClibc_main at libc/misc/internals/__uClibc_main.c:401,__uClibc_main,libc/misc/internals/__uClibc_main.c,401,main,main,,0
17185309727538275923,505637246,flush (unnecessary),43,flush_clwb at nvmbugs/005_nvm_direct/original_lib/pmem.c:374,flush_clwb,nvmbugs/005_nvm_direct/original_lib/pmem.c,374,pmem_flush at nvmbugs/005_nvm_direct/original_lib/pmem.c:417,pmem_flush,nvmbugs/005_nvm_direct/original_lib/pmem.c,417,nvms_flush at nvmbugs/005_nvm_direct/original_lib/nvms_misc.c:112,nvms_flush,nvmbugs/005_nvm_direct/original_lib/nvms_misc.c,112,nvm_persist at nvmbugs/005_nvm_direct/original_lib/nvm_misc.c:525,nvm_persist,nvmbugs/005_nvm_direct/original_lib/nvm_misc.c,525,nvm_add_oper at nvmbugs/005_nvm_direct/original_lib/nvm_transaction.c:1430,nvm_add_oper,nvmbugs/005_nvm_direct/original_lib/nvm_transaction.c,1430,nvm_undo at nvmbugs/005_nvm_direct/original_lib/nvm_transaction.c:1763,nvm_undo,nvmbugs/005_nvm_direct/original_lib/nvm_transaction.c,1763,nvm_resize_heap at nvmbugs/005_nvm_direct/original_lib/nvm_heap.c:1051,nvm_resize_heap,nvmbugs/005_nvm_direct/original_lib/nvm_heap.c,1051,__klee_posix_wrapped_main at nvmbugs/005_nvm_direct/allocs.c:170,__klee_posix_wrapped_main,nvmbugs/005_nvm_direct/allocs.c,170,__klee_posix_ctor_stub_insert_point at runtime/POSIX/./klee_init_env.c:555,__klee_posix_ctor_stub_insert_point,runtime/POSIX/./klee_init_env.c,555,__user_main at runtime/POSIX/./klee_init_env.c:563,__user_main,runtime/POSIX/./klee_init_env.c,563,__uClibc_main at libc/misc/internals/__uClibc_main.c:401,__uClibc_main,libc/misc/internals/__uClibc_main.c,401,main,main,,0
4430056576865949149,1801097355,write (unpersisted),175,nvm_blk_set at nvmbugs/005_nvm_direct/original_lib/nvm_heap0.h:89,nvm_blk_set,nvmbugs/005_nvm_direct/original_lib/nvm_heap0.h,89,nvm_freelist_link at nvmbugs/005_nvm_direct/original_lib/nvm_heap.c:2936,nvm_freelist_link,nvmbugs/005_nvm_direct/original_lib/nvm_heap.c,2936,nvm_free_blk at nvmbugs/005_nvm_direct/original_lib/nvm_heap.c:3454,nvm_free_blk,nvmbugs/005_nvm_direct/original_lib/nvm_heap.c,3454,nvm_free_callback at nvmbugs/005_nvm_direct/original_lib/nvm_heap.c:1964,nvm_free_callback,nvmbugs/005_nvm_direct/original_lib/nvm_heap.c,1964,nvm_commit at nvmbugs/005_nvm_direct/original_lib/nvm_transaction.c:2861,nvm_commit,nvmbugs/005_nvm_direct/original_lib/nvm_transaction.c,2861,nvm_txend at nvmbugs/005_nvm_direct/original_lib/nvm_transaction.c:836,nvm_txend,nvmbugs/005_nvm_direct/original_lib/nvm_transaction.c,836,__klee_posix_wrapped_main at nvmbugs/005_nvm_direct/allocs.c:281,__klee_posix_wrapped_main,nvmbugs/005_nvm_direct/allocs.c,281,__klee_posix_ctor_stub_insert_point at runtime/POSIX/./klee_init_env.c:555,__klee_posix_ctor_stub_insert_point,runtime/POSIX/./klee_init_env.c,555,__user_main at runtime/POSIX/./klee_init_env.c:563,__user_main,runtime/POSIX/./klee_init_env.c,563,__uClibc_main at libc/misc/internals/__uClibc_main.c:401,__uClibc_main,libc/misc/internals/__uClibc_main.c,401,main,main,,0
313479907054900889,505771531,fence (unnecessary),43,predrain_fence_sfence at nvmbugs/005_nvm_direct/original_lib/pmem.c:279,predrain_fence_sfence,nvmbugs/005_nvm_direct/original_lib/pmem.c,279,drain_no_pcommit at nvmbugs/005_nvm_direct/original_lib/pmem.c:299,drain_no_pcommit,nvmbugs/005_nvm_direct/original_lib/pmem.c,299,pmem_drain at nvmbugs/005_nvm_direct/original_lib/pmem.c:336,pmem_drain,nvmbugs/005_nvm_direct/original_lib/pmem.c,336,nvms_persist at nvmbugs/005_nvm_direct/original_lib/nvms_misc.c:125,nvms_persist,nvmbugs/005_nvm_direct/original_lib/nvms_misc.c,125,nvm_persist at nvmbugs/005_nvm_direct/original_lib/nvm_misc.c:533,nvm_persist,nvmbugs/005_nvm_direct/original_lib/nvm_misc.c,533,nvm_commit at nvmbugs/005_nvm_direct/original_lib/nvm_transaction.c:2751,nvm_commit,nvmbugs/005_nvm_direct/original_lib/nvm_transaction.c,2751,nvm_heap_test at nvmbugs/005_nvm_direct/original_lib/nvm_heap.c:2298,nvm_heap_test,nvmbugs/005_nvm_direct/original_lib/nvm_heap.c,2298,__klee_posix_wrapped_main at nvmbugs/005_nvm_direct/allocs.c:175,__klee_posix_wrapped_main,nvmbugs/005_nvm_direct/allocs.c,175,__klee_posix_ctor_stub_insert_point at runtime/POSIX/./klee_init_env.c:555,__klee_posix_ctor_stub_insert_point,runtime/POSIX/./klee_init_env.c,555,__user_main at runtime/POSIX/./klee_init_env.c:563,__user_main,runtime/POSIX/./klee_init_env.c,563,__uClibc_main at libc/misc/internals/__uClibc_main.c:401,__uClibc_main,libc/misc/internals/__uClibc_main.c,401,main,main,,0
13364827334720290054,505980250,flush (unnecessary),43,flush_clwb at nvmbugs/005_nvm_direct/original_lib/pmem.c:374,flush_clwb,nvmbugs/005_nvm_direct/original_lib/pmem.c,374,pmem_flush at nvmbugs/005_nvm_direct/original_lib/pmem.c:417,pmem_flush,nvmbugs/005_nvm_direct/original_lib/pmem.c,417,nvms_flush at nvmbugs/005_nvm_direct/original_lib/nvms_misc.c:112,nvms_flush,nvmbugs/005_nvm_direct/original_lib/nvms_misc.c,112,nvm_persist at nvmbugs/005_nvm_direct/original_lib/nvm_misc.c:525,nvm_persist,nvmbugs/005_nvm_direct/original_lib/nvm_misc.c,525,nvm_add_oper at nvmbugs/005_nvm_direct/original_lib/nvm_transaction.c:1430,nvm_add_oper,nvmbugs/005_nvm_direct/original_lib/nvm_transaction.c,1430,nvm_add_lock_op at nvmbugs/005_nvm_direct/original_lib/nvm_transaction.c:1914,nvm_add_lock_op,nvmbugs/005_nvm_direct/original_lib/nvm_transaction.c,1914,nvm_lock at nvmbugs/005_nvm_direct/original_lib/nvm_locks.c:867,nvm_lock,nvmbugs/005_nvm_direct/original_lib/nvm_locks.c,867,nvm_xlock.102 at nvmbugs/005_nvm_direct/original_lib/nvm_locks.h:333,nvm_xlock.102,nvmbugs/005_nvm_direct/original_lib/nvm_locks.h,333,nvm_resize_extent1 at nvmbugs/005_nvm_direct/original_lib/nvm_region.c:2715,nvm_resize_extent1,nvmbugs/005_nvm_direct/original_lib/nvm_region.c,2715,nvm_resize_extent at nvmbugs/005_nvm_direct/original_lib/nvm_region.c:2661,nvm_resize_extent,nvmbugs/005_nvm_direct/original_lib/nvm_region.c,2661,__klee_posix_wrapped_main at nvmbugs/005_nvm_direct/allocs.c:203,__klee_posix_wrapped_main,nvmbugs/005_nvm_direct/allocs.c,203,__klee_posix_ctor_stub_insert_point at runtime/POSIX/./klee_init_env.c:555,__klee_posix_ctor_stub_insert_point,runtime/POSIX/./klee_init_env.c,555,__user_main at runtime/POSIX/./klee_init_env.c:563,__user_main,runtime/POSIX/./klee_init_env.c,563,__uClibc_main at libc/misc/internals/__uClibc_main.c:401,__uClibc_main,libc/misc/internals/__uClibc_main.c,401,main,main,,0
17507038081524104296,506142476,flush (unnecessary),43,flush_clwb at nvmbugs/005_nvm_direct/original_lib/pmem.c:374,flush_clwb,nvmbugs/005_nvm_direct/original_lib/pmem.c,374,pmem_flush at nvmbugs/005_nvm_direct/original_lib/pmem.c:417,pmem_flush,nvmbugs/005_nvm_direct/original_lib/pmem.c,417,nvms_flush at nvmbugs/005_nvm_direct/original_lib/nvms_misc.c:112,nvms_flush,nvmbugs/005_nvm_direct/original_lib/nvms_misc.c,112,nvm_persist at nvmbugs/005_nvm_direct/original_lib/nvm_misc.c:525,nvm_persist,nvmbugs/005_nvm_direct/original_lib/nvm_misc.c,525,nvm_add_oper at nvmbugs/005_nvm_direct/original_lib/nvm_transaction.c:1430,nvm_add_oper,nvmbugs/005_nvm_direct/original_lib/nvm_transaction.c,1430,nvm_undo at nvmbugs/005_nvm_direct/original_lib/nvm_transaction.c:1763,nvm_undo,nvmbugs/005_nvm_direct/original_lib/nvm_transaction.c,1763,nvm_commit at nvmbugs/005_nvm_direct/original_lib/nvm_transaction.c:2856,nvm_commit,nvmbugs/005_nvm_direct/original_lib/nvm_transaction.c,2856,__klee_posix_wrapped_main at nvmbugs/005_nvm_direct/allocs.c:204,__klee_posix_wrapped_main,nvmbugs/005_nvm_direct/allocs.c,204,__klee_posix_ctor_stub_insert_point at runtime/POSIX/./klee_init_env.c:555,__klee_posix_ctor_stub_insert_point,runtime/POSIX/./klee_init_env.c,555,__user_main at runtime/POSIX/./klee_init_env.c:563,__user_main,runtime/POSIX/./klee_init_env.c,563,__uClibc_main at libc/misc/internals/__uClibc_main.c:401,__uClibc_main,libc/misc/internals/__uClibc_main.c,401,main,main,,0
13876057027051833729,1859911866,flush (unnecessary),12,flush_clwb at nvmbugs/005_nvm_direct/original_lib/pmem.c:374,flush_clwb,nvmbugs/005_nvm_direct/original_lib/pmem.c,374,pmem_flush at nvmbugs/005_nvm_direct/original_lib/pmem.c:417,pmem_flush,nvmbugs/005_nvm_direct/original_lib/pmem.c,417,nvms_flush at nvmbugs/005_nvm_direct/original_lib/nvms_misc.c:112,nvms_flush,nvmbugs/005_nvm_direct/original_lib/nvms_misc.c,112,nvm_persist at nvmbugs/005_nvm_direct/original_lib/nvm_misc.c:525,nvm_persist,nvmbugs/005_nvm_direct/original_lib/nvm_misc.c,525,nvm_add_oper at nvmbugs/005_nvm_direct/original_lib/nvm_transaction.c:1430,nvm_add_oper,nvmbugs/005_nvm_direct/original_lib/nvm_transaction.c,1430,nvm_undo at nvmbugs/005_nvm_direct/original_lib/nvm_transaction.c:1763,nvm_undo,nvmbugs/005_nvm_direct/original_lib/nvm_transaction.c,1763,nvm_free_blk at nvmbugs/005_nvm_direct/original_lib/nvm_heap.c:3436,nvm_free_blk,nvmbugs/005_nvm_direct/original_lib/nvm_heap.c,3436,nvm_free_callback at nvmbugs/005_nvm_direct/original_lib/nvm_heap.c:1964,nvm_free_callback,nvmbugs/005_nvm_direct/original_lib/nvm_heap.c,1964,nvm_commit at nvmbugs/005_nvm_direct/original_lib/nvm_transaction.c:2861,nvm_commit,nvmbugs/005_nvm_direct/original_lib/nvm_transaction.c,2861,nvm_txend at nvmbugs/005_nvm_direct/original_lib/nvm_transaction.c:836,nvm_txend,nvmbugs/005_nvm_direct/original_lib/nvm_transaction.c,836,__klee_posix_wrapped_main at nvmbugs/005_nvm_direct/allocs.c:281,__klee_posix_wrapped_main,nvmbugs/005_nvm_direct/allocs.c,281,__klee_posix_ctor_stub_insert_point at runtime/POSIX/./klee_init_env.c:555,__klee_posix_ctor_stub_insert_point,runtime/POSIX/./klee_init_env.c,555,__user_main at runtime/POSIX/./klee_init_env.c:563,__user_main,runtime/POSIX/./klee_init_env.c,563,__uClibc_main at libc/misc/internals/__uClibc_main.c:401,__uClibc_main,libc/misc/internals/__uClibc_main.c,401,main,main,,0
12865879479079265975,32943940,fence (unnecessary),43,predrain_fence_sfence at nvmbugs/005_nvm_direct/original_lib/pmem.c:279,predrain_fence_sfence,nvmbugs/005_nvm_direct/original_lib/pmem.c,279,drain_no_pcommit at nvmbugs/005_nvm_direct/original_lib/pmem.c:299,drain_no_pcommit,nvmbugs/005_nvm_direct/original_lib/pmem.c,299,pmem_drain at nvmbugs/005_nvm_direct/original_lib/pmem.c:336,pmem_drain,nvmbugs/005_nvm_direct/original_lib/pmem.c,336,nvms_persist at nvmbugs/005_nvm_direct/original_lib/nvms_misc.c:125,nvms_persist,nvmbugs/005_nvm_direct/original_lib/nvms_misc.c,125,nvm_persist at nvmbugs/005_nvm_direct/original_lib/nvm_misc.c:533,nvm_persist,nvmbugs/005_nvm_direct/original_lib/nvm_misc.c,533,nvm_commit at nvmbugs/005_nvm_direct/original_lib/nvm_transaction.c:2751,nvm_commit,nvmbugs/005_nvm_direct/original_lib/nvm_transaction.c,2751,nvm_query_extents at nvmbugs/005_nvm_direct/original_lib/nvm_region.c:3089,nvm_query_extents,nvmbugs/005_nvm_direct/original_lib/nvm_region.c,3089,__klee_posix_wrapped_main at nvmbugs/005_nvm_direct/allocs.c:96,__klee_posix_wrapped_main,nvmbugs/005_nvm_direct/allocs.c,96,__klee_posix_ctor_stub_insert_point at runtime/POSIX/./klee_init_env.c:555,__klee_posix_ctor_stub_insert_point,runtime/POSIX/./klee_init_env.c,555,__user_main at runtime/POSIX/./klee_init_env.c:563,__user_main,runtime/POSIX/./klee_init_env.c,563,__uClibc_main at libc/misc/internals/__uClibc_main.c:401,__uClibc_main,libc/misc/internals/__uClibc_main.c,401,main,main,,0
6126752975084904121,506205621,flush (unnecessary),43,flush_clwb at nvmbugs/005_nvm_direct/original_lib/pmem.c:374,flush_clwb,nvmbugs/005_nvm_direct/original_lib/pmem.c,374,pmem_flush at nvmbugs/005_nvm_direct/original_lib/pmem.c:417,pmem_flush,nvmbugs/005_nvm_direct/original_lib/pmem.c,417,nvms_flush at nvmbugs/005_nvm_direct/original_lib/nvms_misc.c:112,nvms_flush,nvmbugs/005_nvm_direct/original_lib/nvms_misc.c,112,nvm_persist at nvmbugs/005_nvm_direct/original_lib/nvm_misc.c:525,nvm_persist,nvmbugs/005_nvm_direct/original_lib/nvm_misc.c,525,nvm_add_oper at nvmbugs/005_nvm_direct/original_lib/nvm_transaction.c:1430,nvm_add_oper,nvmbugs/005_nvm_direct/original_lib/nvm_transaction.c,1430,nvm_undo at nvmbugs/005_nvm_direct/original_lib/nvm_transaction.c:1763,nvm_undo,nvmbugs/005_nvm_direct/original_lib/nvm_transaction.c,1763,nvm_remx_callback at nvmbugs/005_nvm_direct/original_lib/nvm_region.c:1749,nvm_remx_callback,nvmbugs/005_nvm_direct/original_lib/nvm_region.c,1749,nvm_commit at nvmbugs/005_nvm_direct/original_lib/nvm_transaction.c:2861,nvm_commit,nvmbugs/005_nvm_direct/original_lib/nvm_transaction.c,2861,__klee_posix_wrapped_main at nvmbugs/005_nvm_direct/allocs.c:204,__klee_posix_wrapped_main,nvmbugs/005_nvm_direct/allocs.c,204,__klee_posix_ctor_stub_insert_point at runtime/POSIX/./klee_init_env.c:555,__klee_posix_ctor_stub_insert_point,runtime/POSIX/./klee_init_env.c,555,__user_main at runtime/POSIX/./klee_init_env.c:563,__user_main,runtime/POSIX/./klee_init_env.c,563,__uClibc_main at libc/misc/internals/__uClibc_main.c:401,__uClibc_main,libc/misc/internals/__uClibc_main.c,401,main,main,,0
14640026709664252378,508911457,flush (unnecessary),214,flush_clwb at nvmbugs/005_nvm_direct/original_lib/pmem.c:374,flush_clwb,nvmbugs/005_nvm_direct/original_lib/pmem.c,374,pmem_flush at nvmbugs/005_nvm_direct/original_lib/pmem.c:417,pmem_flush,nvmbugs/005_nvm_direct/original_lib/pmem.c,417,nvms_flush at nvmbugs/005_nvm_direct/original_lib/nvms_misc.c:112,nvms_flush,nvmbugs/005_nvm_direct/original_lib/nvms_misc.c,112,nvm_persist at nvmbugs/005_nvm_direct/original_lib/nvm_misc.c:525,nvm_persist,nvmbugs/005_nvm_direct/original_lib/nvm_misc.c,525,nvm_add_oper at nvmbugs/005_nvm_direct/original_lib/nvm_transaction.c:1430,nvm_add_oper,nvmbugs/005_nvm_direct/original_lib/nvm_transaction.c,1430,nvm_undo at nvmbugs/005_nvm_direct/original_lib/nvm_transaction.c:1763,nvm_undo,nvmbugs/005_nvm_direct/original_lib/nvm_transaction.c,1763,nvm_heap_txset.637 at nvmbugs/005_nvm_direct/lib/nvm_heap.h:67,nvm_heap_txset.637,nvmbugs/005_nvm_direct/lib/nvm_heap.h,67,__klee_posix_wrapped_main at nvmbugs/005_nvm_direct/allocs.c:291,__klee_posix_wrapped_main,nvmbugs/005_nvm_direct/allocs.c,291,__klee_posix_ctor_stub_insert_point at runtime/POSIX/./klee_init_env.c:555,__klee_posix_ctor_stub_insert_point,runtime/POSIX/./klee_init_env.c,555,__user_main at runtime/POSIX/./klee_init_env.c:563,__user_main,runtime/POSIX/./klee_init_env.c,563,__uClibc_main at libc/misc/internals/__uClibc_main.c:401,__uClibc_main,libc/misc/internals/__uClibc_main.c,401,main,main,,0
3848336979530418476,258762838,flush (unnecessary),43,flush_clwb at nvmbugs/005_nvm_direct/original_lib/pmem.c:374,flush_clwb,nvmbugs/005_nvm_direct/original_lib/pmem.c,374,pmem_flush at nvmbugs/005_nvm_direct/original_lib/pmem.c:417,pmem_flush,nvmbugs/005_nvm_direct/original_lib/pmem.c,417,nvms_flush at nvmbugs/005_nvm_direct/original_lib/nvms_misc.c:112,nvms_flush,nvmbugs/005_nvm_direct/original_lib/nvms_misc.c,112,nvm_persist at nvmbugs/005_nvm_direct/original_lib/nvm_misc.c:525,nvm_persist,nvmbugs/005_nvm_direct/original_lib/nvm_misc.c,525,nvm_txbegin at nvmbugs/005_nvm_direct/original_lib/nvm_transaction.c:545,nvm_txbegin,nvmbugs/005_nvm_direct/original_lib/nvm_transaction.c,545,__klee_posix_wrapped_main at nvmbugs/005_nvm_direct/allocs.c:161,__klee_posix_wrapped_main,nvmbugs/005_nvm_direct/allocs.c,161,__klee_posix_ctor_stub_insert_point at runtime/POSIX/./klee_init_env.c:555,__klee_posix_ctor_stub_insert_point,runtime/POSIX/./klee_init_env.c,555,__user_main at runtime/POSIX/./klee_init_env.c:563,__user_main,runtime/POSIX/./klee_init_env.c,563,__uClibc_main at libc/misc/internals/__uClibc_main.c:401,__uClibc_main,libc/misc/internals/__uClibc_main.c,401,main,main,,0
7337383500194460778,509080490,write (unpersisted),1070,nvm_commit at nvmbugs/005_nvm_direct/original_lib/nvm_transaction.c:2832,nvm_commit,nvmbugs/005_nvm_direct/original_lib/nvm_transaction.c,2832,__klee_posix_wrapped_main at nvmbugs/005_nvm_direct/allocs.c:293,__klee_posix_wrapped_main,nvmbugs/005_nvm_direct/allocs.c,293,__klee_posix_ctor_stub_insert_point at runtime/POSIX/./klee_init_env.c:555,__klee_posix_ctor_stub_insert_point,runtime/POSIX/./klee_init_env.c,555,__user_main at runtime/POSIX/./klee_init_env.c:563,__user_main,runtime/POSIX/./klee_init_env.c,563,__uClibc_main at libc/misc/internals/__uClibc_main.c:401,__uClibc_main,libc/misc/internals/__uClibc_main.c,401,main,main,,0
10640732899566939233,33281312,flush (unnecessary),43,flush_clwb at nvmbugs/005_nvm_direct/original_lib/pmem.c:374,flush_clwb,nvmbugs/005_nvm_direct/original_lib/pmem.c,374,pmem_flush at nvmbugs/005_nvm_direct/original_lib/pmem.c:417,pmem_flush,nvmbugs/005_nvm_direct/original_lib/pmem.c,417,nvms_flush at nvmbugs/005_nvm_direct/original_lib/nvms_misc.c:112,nvms_flush,nvmbugs/005_nvm_direct/original_lib/nvms_misc.c,112,nvm_persist at nvmbugs/005_nvm_direct/original_lib/nvm_misc.c:525,nvm_persist,nvmbugs/005_nvm_direct/original_lib/nvm_misc.c,525,nvm_add_oper at nvmbugs/005_nvm_direct/original_lib/nvm_transaction.c:1430,nvm_add_oper,nvmbugs/005_nvm_direct/original_lib/nvm_transaction.c,1430,nvm_undo at nvmbugs/005_nvm_direct/original_lib/nvm_transaction.c:1763,nvm_undo,nvmbugs/005_nvm_direct/original_lib/nvm_transaction.c,1763,nvm_alloc_blk at nvmbugs/005_nvm_direct/original_lib/nvm_heap.c:3306,nvm_alloc_blk,nvmbugs/005_nvm_direct/original_lib/nvm_heap.c,3306,nvm_alloc at nvmbugs/005_nvm_direct/original_lib/nvm_heap.c:1631,nvm_alloc,nvmbugs/005_nvm_direct/original_lib/nvm_heap.c,1631,nvm_add_extent at nvmbugs/005_nvm_direct/original_lib/nvm_region.c:2131,nvm_add_extent,nvmbugs/005_nvm_direct/original_lib/nvm_region.c,2131,__klee_posix_wrapped_main at nvmbugs/005_nvm_direct/allocs.c:100,__klee_posix_wrapped_main,nvmbugs/005_nvm_direct/allocs.c,100,__klee_posix_ctor_stub_insert_point at runtime/POSIX/./klee_init_env.c:555,__klee_posix_ctor_stub_insert_point,runtime/POSIX/./klee_init_env.c,555,__user_main at runtime/POSIX/./klee_init_env.c:563,__user_main,runtime/POSIX/./klee_init_env.c,563,__uClibc_main at libc/misc/internals/__uClibc_main.c:401,__uClibc_main,libc/misc/internals/__uClibc_main.c,401,main,main,,0
2182068718694140593,506318765,flush (unnecessary),43,flush_clwb at nvmbugs/005_nvm_direct/original_lib/pmem.c:374,flush_clwb,nvmbugs/005_nvm_direct/original_lib/pmem.c,374,pmem_flush at nvmbugs/005_nvm_direct/original_lib/pmem.c:417,pmem_flush,nvmbugs/005_nvm_direct/original_lib/pmem.c,417,nvms_flush at nvmbugs/005_nvm_direct/original_lib/nvms_misc.c:112,nvms_flush,nvmbugs/005_nvm_direct/original_lib/nvms_misc.c,112,nvm_persist at nvmbugs/005_nvm_direct/original_lib/nvm_misc.c:525,nvm_persist,nvmbugs/005_nvm_direct/original_lib/nvm_misc.c,525,nvm_txbegin at nvmbugs/005_nvm_direct/original_lib/nvm_transaction.c:545,nvm_txbegin,nvmbugs/005_nvm_direct/original_lib/nvm_transaction.c,545,nvm_resize_heap at nvmbugs/005_nvm_direct/original_lib/nvm_heap.c:926,nvm_resize_heap,nvmbugs/005_nvm_direct/original_lib/nvm_heap.c,926,__klee_posix_wrapped_main at nvmbugs/005_nvm_direct/allocs.c:231,__klee_posix_wrapped_main,nvmbugs/005_nvm_direct/allocs.c,231,__klee_posix_ctor_stub_insert_point at runtime/POSIX/./klee_init_env.c:555,__klee_posix_ctor_stub_insert_point,runtime/POSIX/./klee_init_env.c,555,__user_main at runtime/POSIX/./klee_init_env.c:563,__user_main,runtime/POSIX/./klee_init_env.c,563,__uClibc_main at libc/misc/internals/__uClibc_main.c:401,__uClibc_main,libc/misc/internals/__uClibc_main.c,401,main,main,,0
1881197304133996545,1075223347,flush (unnecessary),504,flush_clwb at nvmbugs/005_nvm_direct/original_lib/pmem.c:374,flush_clwb,nvmbugs/005_nvm_direct/original_lib/pmem.c,374,pmem_flush at nvmbugs/005_nvm_direct/original_lib/pmem.c:417,pmem_flush,nvmbugs/005_nvm_direct/original_lib/pmem.c,417,nvms_flush at nvmbugs/005_nvm_direct/original_lib/nvms_misc.c:112,nvms_flush,nvmbugs/005_nvm_direct/original_lib/nvms_misc.c,112,nvm_persist at nvmbugs/005_nvm_direct/original_lib/nvm_misc.c:525,nvm_persist,nvmbugs/005_nvm_direct/original_lib/nvm_misc.c,525,nvm_add_oper at nvmbugs/005_nvm_direct/original_lib/nvm_transaction.c:1430,nvm_add_oper,nvmbugs/005_nvm_direct/original_lib/nvm_transaction.c,1430,nvm_undo at nvmbugs/005_nvm_direct/original_lib/nvm_transaction.c:1763,nvm_undo,nvmbugs/005_nvm_direct/original_lib/nvm_transaction.c,1763,nvm_blk_undo at nvmbugs/005_nvm_direct/original_lib/nvm_heap.c:2854,nvm_blk_undo,nvmbugs/005_nvm_direct/original_lib/nvm_heap.c,2854,nvm_alloc_blk at nvmbugs/005_nvm_direct/original_lib/nvm_heap.c:3275,nvm_alloc_blk,nvmbugs/005_nvm_direct/original_lib/nvm_heap.c,3275,nvm_alloc at nvmbugs/005_nvm_direct/original_lib/nvm_heap.c:1631,nvm_alloc,nvmbugs/005_nvm_direct/original_lib/nvm_heap.c,1631,__klee_posix_wrapped_main at nvmbugs/005_nvm_direct/allocs.c:272,__klee_posix_wrapped_main,nvmbugs/005_nvm_direct/allocs.c,272,__klee_posix_ctor_stub_insert_point at runtime/POSIX/./klee_init_env.c:555,__klee_posix_ctor_stub_insert_point,runtime/POSIX/./klee_init_env.c,555,__user_main at runtime/POSIX/./klee_init_env.c:563,__user_main,runtime/POSIX/./klee_init_env.c,563,__uClibc_main at libc/misc/internals/__uClibc_main.c:401,__uClibc_main,libc/misc/internals/__uClibc_main.c,401,main,main,,0
14486390404066891058,508693150,flush (unnecessary),214,flush_clwb at nvmbugs/005_nvm_direct/original_lib/pmem.c:374,flush_clwb,nvmbugs/005_nvm_direct/original_lib/pmem.c,374,pmem_flush at nvmbugs/005_nvm_direct/original_lib/pmem.c:417,pmem_flush,nvmbugs/005_nvm_direct/original_lib/pmem.c,417,nvms_flush at nvmbugs/005_nvm_direct/original_lib/nvms_misc.c:112,nvms_flush,nvmbugs/005_nvm_direct/original_lib/nvms_misc.c,112,nvm_persist at nvmbugs/005_nvm_direct/original_lib/nvm_misc.c:525,nvm_persist,nvmbugs/005_nvm_direct/original_lib/nvm_misc.c,525,nvm_add_oper at nvmbugs/005_nvm_direct/original_lib/nvm_transaction.c:1430,nvm_add_oper,nvmbugs/005_nvm_direct/original_lib/nvm_transaction.c,1430,nvm_undo at nvmbugs/005_nvm_direct/original_lib/nvm_transaction.c:1763,nvm_undo,nvmbugs/005_nvm_direct/original_lib/nvm_transaction.c,1763,nvm_delete_heap at nvmbugs/005_nvm_direct/original_lib/nvm_heap.c:1184,nvm_delete_heap,nvmbugs/005_nvm_direct/original_lib/nvm_heap.c,1184,__klee_posix_wrapped_main at nvmbugs/005_nvm_direct/allocs.c:290,__klee_posix_wrapped_main,nvmbugs/005_nvm_direct/allocs.c,290,__klee_posix_ctor_stub_insert_point at runtime/POSIX/./klee_init_env.c:555,__klee_posix_ctor_stub_insert_point,runtime/POSIX/./klee_init_env.c,555,__user_main at runtime/POSIX/./klee_init_env.c:563,__user_main,runtime/POSIX/./klee_init_env.c,563,__uClibc_main at libc/misc/internals/__uClibc_main.c:401,__uClibc_main,libc/misc/internals/__uClibc_main.c,401,main,main,,0
4963792957981404919,2180964929,flush (unnecessary),4,flush_clwb at nvmbugs/005_nvm_direct/original_lib/pmem.c:374,flush_clwb,nvmbugs/005_nvm_direct/original_lib/pmem.c,374,pmem_flush at nvmbugs/005_nvm_direct/original_lib/pmem.c:417,pmem_flush,nvmbugs/005_nvm_direct/original_lib/pmem.c,417,nvms_flush at nvmbugs/005_nvm_direct/original_lib/nvms_misc.c:112,nvms_flush,nvmbugs/005_nvm_direct/original_lib/nvms_misc.c,112,nvm_persist at nvmbugs/005_nvm_direct/original_lib/nvm_misc.c:525,nvm_persist,nvmbugs/005_nvm_direct/original_lib/nvm_misc.c,525,nvm_add_oper at nvmbugs/005_nvm_direct/original_lib/nvm_transaction.c:1430,nvm_add_oper,nvmbugs/005_nvm_direct/original_lib/nvm_transaction.c,1430,nvm_undo at nvmbugs/005_nvm_direct/original_lib/nvm_transaction.c:1763,nvm_undo,nvmbugs/005_nvm_direct/original_lib/nvm_transaction.c,1763,nvm_freelist_unlink at nvmbugs/005_nvm_direct/original_lib/nvm_heap.c:3051,nvm_freelist_unlink,nvmbugs/005_nvm_direct/original_lib/nvm_heap.c,3051,nvm_free_blk at nvmbugs/005_nvm_direct/original_lib/nvm_heap.c:3442,nvm_free_blk,nvmbugs/005_nvm_direct/original_lib/nvm_heap.c,3442,nvm_free_callback at nvmbugs/005_nvm_direct/original_lib/nvm_heap.c:1964,nvm_free_callback,nvmbugs/005_nvm_direct/original_lib/nvm_heap.c,1964,nvm_commit at nvmbugs/005_nvm_direct/original_lib/nvm_transaction.c:2861,nvm_commit,nvmbugs/005_nvm_direct/original_lib/nvm_transaction.c,2861,nvm_txend at nvmbugs/005_nvm_direct/original_lib/nvm_transaction.c:836,nvm_txend,nvmbugs/005_nvm_direct/original_lib/nvm_transaction.c,836,__klee_posix_wrapped_main at nvmbugs/005_nvm_direct/allocs.c:281,__klee_posix_wrapped_main,nvmbugs/005_nvm_direct/allocs.c,281,__klee_posix_ctor_stub_insert_point at runtime/POSIX/./klee_init_env.c:555,__klee_posix_ctor_stub_insert_point,runtime/POSIX/./klee_init_env.c,555,__user_main at runtime/POSIX/./klee_init_env.c:563,__user_main,runtime/POSIX/./klee_init_env.c,563,__uClibc_main at libc/misc/internals/__uClibc_main.c:401,__uClibc_main,libc/misc/internals/__uClibc_main.c,401,main,main,,0
18229293504343867707,506623722,flush (unnecessary),86,flush_clwb at nvmbugs/005_nvm_direct/original_lib/pmem.c:374,flush_clwb,nvmbugs/005_nvm_direct/original_lib/pmem.c,374,pmem_flush at nvmbugs/005_nvm_direct/original_lib/pmem.c:417,pmem_flush,nvmbugs/005_nvm_direct/original_lib/pmem.c,417,nvms_flush at nvmbugs/005_nvm_direct/original_lib/nvms_misc.c:112,nvms_flush,nvmbugs/005_nvm_direct/original_lib/nvms_misc.c,112,nvm_persist at nvmbugs/005_nvm_direct/original_lib/nvm_misc.c:525,nvm_persist,nvmbugs/005_nvm_direct/original_lib/nvm_misc.c,525,nvm_add_oper at nvmbugs/005_nvm_direct/original_lib/nvm_transaction.c:1430,nvm_add_oper,nvmbugs/005_nvm_direct/original_lib/nvm_transaction.c,1430,nvm_undo at nvmbugs/005_nvm_direct/original_lib/nvm_transaction.c:1763,nvm_undo,nvmbugs/005_nvm_direct/original_lib/nvm_transaction.c,1763,nvm_blk_undo at nvmbugs/005_nvm_direct/original_lib/nvm_heap.c:2854,nvm_blk_undo,nvmbugs/005_nvm_direct/original_lib/nvm_heap.c,2854,nvm_resize_heap at nvmbugs/005_nvm_direct/original_lib/nvm_heap.c:986,nvm_resize_heap,nvmbugs/005_nvm_direct/original_lib/nvm_heap.c,986,__klee_posix_wrapped_main at nvmbugs/005_nvm_direct/allocs.c:231,__klee_posix_wrapped_main,nvmbugs/005_nvm_direct/allocs.c,231,__klee_posix_ctor_stub_insert_point at runtime/POSIX/./klee_init_env.c:555,__klee_posix_ctor_stub_insert_point,runtime/POSIX/./klee_init_env.c,555,__user_main at runtime/POSIX/./klee_init_env.c:563,__user_main,runtime/POSIX/./klee_init_env.c,563,__uClibc_main at libc/misc/internals/__uClibc_main.c:401,__uClibc_main,libc/misc/internals/__uClibc_main.c,401,main,main,,0
2886416110358921642,133395863,flush (unnecessary),43,flush_clwb at nvmbugs/005_nvm_direct/original_lib/pmem.c:374,flush_clwb,nvmbugs/005_nvm_direct/original_lib/pmem.c,374,pmem_flush at nvmbugs/005_nvm_direct/original_lib/pmem.c:417,pmem_flush,nvmbugs/005_nvm_direct/original_lib/pmem.c,417,nvms_flush at nvmbugs/005_nvm_direct/original_lib/nvms_misc.c:112,nvms_flush,nvmbugs/005_nvm_direct/original_lib/nvms_misc.c,112,nvm_persist at nvmbugs/005_nvm_direct/original_lib/nvm_misc.c:525,nvm_persist,nvmbugs/005_nvm_direct/original_lib/nvm_misc.c,525,nvm_txbegin at nvmbugs/005_nvm_direct/original_lib/nvm_transaction.c:545,nvm_txbegin,nvmbugs/005_nvm_direct/original_lib/nvm_transaction.c,545,__klee_posix_wrapped_main at nvmbugs/005_nvm_direct/allocs.c:124,__klee_posix_wrapped_main,nvmbugs/005_nvm_direct/allocs.c,124,__klee_posix_ctor_stub_insert_point at runtime/POSIX/./klee_init_env.c:555,__klee_posix_ctor_stub_insert_point,runtime/POSIX/./klee_init_env.c,555,__user_main at runtime/POSIX/./klee_init_env.c:563,__user_main,runtime/POSIX/./klee_init_env.c,563,__uClibc_main at libc/misc/internals/__uClibc_main.c:401,__uClibc_main,libc/misc/internals/__uClibc_main.c,401,main,main,,0
16113994115876313952,506673719,flush (unnecessary),43,flush_clwb at nvmbugs/005_nvm_direct/original_lib/pmem.c:374,flush_clwb,nvmbugs/005_nvm_direct/original_lib/pmem.c,374,pmem_flush at nvmbugs/005_nvm_direct/original_lib/pmem.c:417,pmem_flush,nvmbugs/005_nvm_direct/original_lib/pmem.c,417,nvms_flush at nvmbugs/005_nvm_direct/original_lib/nvms_misc.c:112,nvms_flush,nvmbugs/005_nvm_direct/original_lib/nvms_misc.c,112,nvm_persist at nvmbugs/005_nvm_direct/original_lib/nvm_misc.c:525,nvm_persist,nvmbugs/005_nvm_direct/original_lib/nvm_misc.c,525,nvm_add_oper at nvmbugs/005_nvm_direct/original_lib/nvm_transaction.c:1430,nvm_add_oper,nvmbugs/005_nvm_direct/original_lib/nvm_transaction.c,1430,nvm_undo at nvmbugs/005_nvm_direct/original_lib/nvm_transaction.c:1763,nvm_undo,nvmbugs/005_nvm_direct/original_lib/nvm_transaction.c,1763,nvm_freelist_unlink at nvmbugs/005_nvm_direct/original_lib/nvm_heap.c:3027,nvm_freelist_unlink,nvmbugs/005_nvm_direct/original_lib/nvm_heap.c,3027,nvm_resize_heap at nvmbugs/005_nvm_direct/original_lib/nvm_heap.c:1007,nvm_resize_heap,nvmbugs/005_nvm_direct/original_lib/nvm_heap.c,1007,__klee_posix_wrapped_main at nvmbugs/005_nvm_direct/allocs.c:231,__klee_posix_wrapped_main,nvmbugs/005_nvm_direct/allocs.c,231,__klee_posix_ctor_stub_insert_point at runtime/POSIX/./klee_init_env.c:555,__klee_posix_ctor_stub_insert_point,runtime/POSIX/./klee_init_env.c,555,__user_main at runtime/POSIX/./klee_init_env.c:563,__user_main,runtime/POSIX/./klee_init_env.c,563,__uClibc_main at libc/misc/internals/__uClibc_main.c:401,__uClibc_main,libc/misc/internals/__uClibc_main.c,401,main,main,,0
15671807020294333845,506251695,fence (unnecessary),43,predrain_fence_sfence at nvmbugs/005_nvm_direct/original_lib/pmem.c:279,predrain_fence_sfence,nvmbugs/005_nvm_direct/original_lib/pmem.c,279,drain_no_pcommit at nvmbugs/005_nvm_direct/original_lib/pmem.c:299,drain_no_pcommit,nvmbugs/005_nvm_direct/original_lib/pmem.c,299,pmem_drain at nvmbugs/005_nvm_direct/original_lib/pmem.c:336,pmem_drain,nvmbugs/005_nvm_direct/original_lib/pmem.c,336,nvms_persist at nvmbugs/005_nvm_direct/original_lib/nvms_misc.c:125,nvms_persist,nvmbugs/005_nvm_direct/original_lib/nvms_misc.c,125,nvm_persist at nvmbugs/005_nvm_direct/original_lib/nvm_misc.c:533,nvm_persist,nvmbugs/005_nvm_direct/original_lib/nvm_misc.c,533,nvm_commit at nvmbugs/005_nvm_direct/original_lib/nvm_transaction.c:2751,nvm_commit,nvmbugs/005_nvm_direct/original_lib/nvm_transaction.c,2751,nvm_txend at nvmbugs/005_nvm_direct/original_lib/nvm_transaction.c:793,nvm_txend,nvmbugs/005_nvm_direct/original_lib/nvm_transaction.c,793,nvm_commit at nvmbugs/005_nvm_direct/original_lib/nvm_transaction.c:2864,nvm_commit,nvmbugs/005_nvm_direct/original_lib/nvm_transaction.c,2864,__klee_posix_wrapped_main at nvmbugs/005_nvm_direct/allocs.c:204,__klee_posix_wrapped_main,nvmbugs/005_nvm_direct/allocs.c,204,__klee_posix_ctor_stub_insert_point at runtime/POSIX/./klee_init_env.c:555,__klee_posix_ctor_stub_insert_point,runtime/POSIX/./klee_init_env.c,555,__user_main at runtime/POSIX/./klee_init_env.c:563,__user_main,runtime/POSIX/./klee_init_env.c,563,__uClibc_main at libc/misc/internals/__uClibc_main.c:401,__uClibc_main,libc/misc/internals/__uClibc_main.c,401,main,main,,0
2555656102008569731,508569063,fence (unnecessary),214,predrain_fence_sfence at nvmbugs/005_nvm_direct/original_lib/pmem.c:279,predrain_fence_sfence,nvmbugs/005_nvm_direct/original_lib/pmem.c,279,drain_no_pcommit at nvmbugs/005_nvm_direct/original_lib/pmem.c:299,drain_no_pcommit,nvmbugs/005_nvm_direct/original_lib/pmem.c,299,pmem_drain at nvmbugs/005_nvm_direct/original_lib/pmem.c:336,pmem_drain,nvmbugs/005_nvm_direct/original_lib/pmem.c,336,nvms_persist at nvmbugs/005_nvm_direct/original_lib/nvms_misc.c:125,nvms_persist,nvmbugs/005_nvm_direct/original_lib/nvms_misc.c,125,nvm_persist at nvmbugs/005_nvm_direct/original_lib/nvm_misc.c:533,nvm_persist,nvmbugs/005_nvm_direct/original_lib/nvm_misc.c,533,nvm_txend at nvmbugs/005_nvm_direct/original_lib/nvm_transaction.c:873,nvm_txend,nvmbugs/005_nvm_direct/original_lib/nvm_transaction.c,873,nvm_query_extents at nvmbugs/005_nvm_direct/original_lib/nvm_region.c:3090,nvm_query_extents,nvmbugs/005_nvm_direct/original_lib/nvm_region.c,3090,__klee_posix_wrapped_main at nvmbugs/005_nvm_direct/allocs.c:288,__klee_posix_wrapped_main,nvmbugs/005_nvm_direct/allocs.c,288,__klee_posix_ctor_stub_insert_point at runtime/POSIX/./klee_init_env.c:555,__klee_posix_ctor_stub_insert_point,runtime/POSIX/./klee_init_env.c,555,__user_main at runtime/POSIX/./klee_init_env.c:563,__user_main,runtime/POSIX/./klee_init_env.c,563,__uClibc_main at libc/misc/internals/__uClibc_main.c:401,__uClibc_main,libc/misc/internals/__uClibc_main.c,401,main,main,,0
7684097796055162315,506701455,flush (unnecessary),43,flush_clwb at nvmbugs/005_nvm_direct/original_lib/pmem.c:374,flush_clwb,nvmbugs/005_nvm_direct/original_lib/pmem.c,374,pmem_flush at nvmbugs/005_nvm_direct/original_lib/pmem.c:417,pmem_flush,nvmbugs/005_nvm_direct/original_lib/pmem.c,417,nvms_flush at nvmbugs/005_nvm_direct/original_lib/nvms_misc.c:112,nvms_flush,nvmbugs/005_nvm_direct/original_lib/nvms_misc.c,112,nvm_persist at nvmbugs/005_nvm_direct/original_lib/nvm_misc.c:525,nvm_persist,nvmbugs/005_nvm_direct/original_lib/nvm_misc.c,525,nvm_add_oper at nvmbugs/005_nvm_direct/original_lib/nvm_transaction.c:1430,nvm_add_oper,nvmbugs/005_nvm_direct/original_lib/nvm_transaction.c,1430,nvm_undo at nvmbugs/005_nvm_direct/original_lib/nvm_transaction.c:1763,nvm_undo,nvmbugs/005_nvm_direct/original_lib/nvm_transaction.c,1763,nvm_freelist_unlink at nvmbugs/005_nvm_direct/original_lib/nvm_heap.c:3051,nvm_freelist_unlink,nvmbugs/005_nvm_direct/original_lib/nvm_heap.c,3051,nvm_resize_heap at nvmbugs/005_nvm_direct/original_lib/nvm_heap.c:1007,nvm_resize_heap,nvmbugs/005_nvm_direct/original_lib/nvm_heap.c,1007,__klee_posix_wrapped_main at nvmbugs/005_nvm_direct/allocs.c:231,__klee_posix_wrapped_main,nvmbugs/005_nvm_direct/allocs.c,231,__klee_posix_ctor_stub_insert_point at runtime/POSIX/./klee_init_env.c:555,__klee_posix_ctor_stub_insert_point,runtime/POSIX/./klee_init_env.c,555,__user_main at runtime/POSIX/./klee_init_env.c:563,__user_main,runtime/POSIX/./klee_init_env.c,563,__uClibc_main at libc/misc/internals/__uClibc_main.c:401,__uClibc_main,libc/misc/internals/__uClibc_main.c,401,main,main,,0
2316091249785474631,506750812,flush (unnecessary),43,flush_clwb at nvmbugs/005_nvm_direct/original_lib/pmem.c:374,flush_clwb,nvmbugs/005_nvm_direct/original_lib/pmem.c,374,pmem_flush at nvmbugs/005_nvm_direct/original_lib/pmem.c:417,pmem_flush,nvmbugs/005_nvm_direct/original_lib/pmem.c,417,nvms_flush at nvmbugs/005_nvm_direct/original_lib/nvms_misc.c:112,nvms_flush,nvmbugs/005_nvm_direct/original_lib/nvms_misc.c,112,nvm_persist at nvmbugs/005_nvm_direct/original_lib/nvm_misc.c:525,nvm_persist,nvmbugs/005_nvm_direct/original_lib/nvm_misc.c,525,nvm_add_oper at nvmbugs/005_nvm_direct/original_lib/nvm_transaction.c:1430,nvm_add_oper,nvmbugs/005_nvm_direct/original_lib/nvm_transaction.c,1430,nvm_undo at nvmbugs/005_nvm_direct/original_lib/nvm_transaction.c:1763,nvm_undo,nvmbugs/005_nvm_direct/original_lib/nvm_transaction.c,1763,nvm_freelist_link at nvmbugs/005_nvm_direct/original_lib/nvm_heap.c:2934,nvm_freelist_link,nvmbugs/005_nvm_direct/original_lib/nvm_heap.c,2934,nvm_resize_heap at nvmbugs/005_nvm_direct/original_lib/nvm_heap.c:1024,nvm_resize_heap,nvmbugs/005_nvm_direct/original_lib/nvm_heap.c,1024,__klee_posix_wrapped_main at nvmbugs/005_nvm_direct/allocs.c:231,__klee_posix_wrapped_main,nvmbugs/005_nvm_direct/allocs.c,231,__klee_posix_ctor_stub_insert_point at runtime/POSIX/./klee_init_env.c:555,__klee_posix_ctor_stub_insert_point,runtime/POSIX/./klee_init_env.c,555,__user_main at runtime/POSIX/./klee_init_env.c:563,__user_main,runtime/POSIX/./klee_init_env.c,563,__uClibc_main at libc/misc/internals/__uClibc_main.c:401,__uClibc_main,libc/misc/internals/__uClibc_main.c,401,main,main,,0
7834361717838913778,507593892,fence (unnecessary),43,predrain_fence_sfence at nvmbugs/005_nvm_direct/original_lib/pmem.c:279,predrain_fence_sfence,nvmbugs/005_nvm_direct/original_lib/pmem.c,279,drain_no_pcommit at nvmbugs/005_nvm_direct/original_lib/pmem.c:299,drain_no_pcommit,nvmbugs/005_nvm_direct/original_lib/pmem.c,299,pmem_drain at nvmbugs/005_nvm_direct/original_lib/pmem.c:336,pmem_drain,nvmbugs/005_nvm_direct/original_lib/pmem.c,336,nvms_persist at nvmbugs/005_nvm_direct/original_lib/nvms_misc.c:125,nvms_persist,nvmbugs/005_nvm_direct/original_lib/nvms_misc.c,125,nvm_persist at nvmbugs/005_nvm_direct/original_lib/nvm_misc.c:533,nvm_persist,nvmbugs/005_nvm_direct/original_lib/nvm_misc.c,533,nvm_commit at nvmbugs/005_nvm_direct/original_lib/nvm_transaction.c:2751,nvm_commit,nvmbugs/005_nvm_direct/original_lib/nvm_transaction.c,2751,nvm_query_extents at nvmbugs/005_nvm_direct/original_lib/nvm_region.c:3089,nvm_query_extents,nvmbugs/005_nvm_direct/original_lib/nvm_region.c,3089,report at nvmbugs/005_nvm_direct/allocs.c:320,report,nvmbugs/005_nvm_direct/allocs.c,320,__klee_posix_wrapped_main at nvmbugs/005_nvm_direct/allocs.c:237,__klee_posix_wrapped_main,nvmbugs/005_nvm_direct/allocs.c,237,__klee_posix_ctor_stub_insert_point at runtime/POSIX/./klee_init_env.c:555,__klee_posix_ctor_stub_insert_point,runtime/POSIX/./klee_init_env.c,555,__user_main at runtime/POSIX/./klee_init_env.c:563,__user_main,runtime/POSIX/./klee_init_env.c,563,__uClibc_main at libc/misc/internals/__uClibc_main.c:401,__uClibc_main,libc/misc/internals/__uClibc_main.c,401,main,main,,0
17997498644580040955,506804872,flush (unnecessary),43,flush_clwb at nvmbugs/005_nvm_direct/original_lib/pmem.c:374,flush_clwb,nvmbugs/005_nvm_direct/original_lib/pmem.c,374,pmem_flush at nvmbugs/005_nvm_direct/original_lib/pmem.c:417,pmem_flush,nvmbugs/005_nvm_direct/original_lib/pmem.c,417,nvms_flush at nvmbugs/005_nvm_direct/original_lib/nvms_misc.c:112,nvms_flush,nvmbugs/005_nvm_direct/original_lib/nvms_misc.c,112,nvm_persist at nvmbugs/005_nvm_direct/original_lib/nvm_misc.c:525,nvm_persist,nvmbugs/005_nvm_direct/original_lib/nvm_misc.c,525,nvm_add_oper at nvmbugs/005_nvm_direct/original_lib/nvm_transaction.c:1430,nvm_add_oper,nvmbugs/005_nvm_direct/original_lib/nvm_transaction.c,1430,nvm_undo at nvmbugs/005_nvm_direct/original_lib/nvm_transaction.c:1763,nvm_undo,nvmbugs/005_nvm_direct/original_lib/nvm_transaction.c,1763,nvm_resize_heap at nvmbugs/005_nvm_direct/original_lib/nvm_heap.c:1051,nvm_resize_heap,nvmbugs/005_nvm_direct/original_lib/nvm_heap.c,1051,__klee_posix_wrapped_main at nvmbugs/005_nvm_direct/allocs.c:231,__klee_posix_wrapped_main,nvmbugs/005_nvm_direct/allocs.c,231,__klee_posix_ctor_stub_insert_point at runtime/POSIX/./klee_init_env.c:555,__klee_posix_ctor_stub_insert_point,runtime/POSIX/./klee_init_env.c,555,__user_main at runtime/POSIX/./klee_init_env.c:563,__user_main,runtime/POSIX/./klee_init_env.c,563,__uClibc_main at libc/misc/internals/__uClibc_main.c:401,__uClibc_main,libc/misc/internals/__uClibc_main.c,401,main,main,,0
11381456815681637207,506313380,fence (unnecessary),43,predrain_fence_sfence at nvmbugs/005_nvm_direct/original_lib/pmem.c:279,predrain_fence_sfence,nvmbugs/005_nvm_direct/original_lib/pmem.c,279,drain_no_pcommit at nvmbugs/005_nvm_direct/original_lib/pmem.c:299,drain_no_pcommit,nvmbugs/005_nvm_direct/original_lib/pmem.c,299,pmem_drain at nvmbugs/005_nvm_direct/original_lib/pmem.c:336,pmem_drain,nvmbugs/005_nvm_direct/original_lib/pmem.c,336,nvms_persist at nvmbugs/005_nvm_direct/original_lib/nvms_misc.c:125,nvms_persist,nvmbugs/005_nvm_direct/original_lib/nvms_misc.c,125,nvm_persist at nvmbugs/005_nvm_direct/original_lib/nvm_misc.c:533,nvm_persist,nvmbugs/005_nvm_direct/original_lib/nvm_misc.c,533,nvm_txend at nvmbugs/005_nvm_direct/original_lib/nvm_transaction.c:873,nvm_txend,nvmbugs/005_nvm_direct/original_lib/nvm_transaction.c,873,__klee_posix_wrapped_main at nvmbugs/005_nvm_direct/allocs.c:205,__klee_posix_wrapped_main,nvmbugs/005_nvm_direct/allocs.c,205,__klee_posix_ctor_stub_insert_point at runtime/POSIX/./klee_init_env.c:555,__klee_posix_ctor_stub_insert_point,runtime/POSIX/./klee_init_env.c,555,__user_main at runtime/POSIX/./klee_init_env.c:563,__user_main,runtime/POSIX/./klee_init_env.c,563,__uClibc_main at libc/misc/internals/__uClibc_main.c:401,__uClibc_main,libc/misc/internals/__uClibc_main.c,401,main,main,,0
10091518869229461275,506887732,flush (unnecessary),43,flush_clwb at nvmbugs/005_nvm_direct/original_lib/pmem.c:374,flush_clwb,nvmbugs/005_nvm_direct/original_lib/pmem.c,374,pmem_flush at nvmbugs/005_nvm_direct/original_lib/pmem.c:417,pmem_flush,nvmbugs/005_nvm_direct/original_lib/pmem.c,417,nvms_flush at nvmbugs/005_nvm_direct/original_lib/nvms_misc.c:112,nvms_flush,nvmbugs/005_nvm_direct/original_lib/nvms_misc.c,112,nvm_persist at nvmbugs/005_nvm_direct/original_lib/nvm_misc.c:525,nvm_persist,nvmbugs/005_nvm_direct/original_lib/nvm_misc.c,525,nvm_add_oper at nvmbugs/005_nvm_direct/original_lib/nvm_transaction.c:1430,nvm_add_oper,nvmbugs/005_nvm_direct/original_lib/nvm_transaction.c,1430,nvm_undo at nvmbugs/005_nvm_direct/original_lib/nvm_transaction.c:1763,nvm_undo,nvmbugs/005_nvm_direct/original_lib/nvm_transaction.c,1763,nvm_commit at nvmbugs/005_nvm_direct/original_lib/nvm_transaction.c:2856,nvm_commit,nvmbugs/005_nvm_direct/original_lib/nvm_transaction.c,2856,nvm_resize_heap at nvmbugs/005_nvm_direct/original_lib/nvm_heap.c:1056,nvm_resize_heap,nvmbugs/005_nvm_direct/original_lib/nvm_heap.c,1056,__klee_posix_wrapped_main at nvmbugs/005_nvm_direct/allocs.c:231,__klee_posix_wrapped_main,nvmbugs/005_nvm_direct/allocs.c,231,__klee_posix_ctor_stub_insert_point at runtime/POSIX/./klee_init_env.c:555,__klee_posix_ctor_stub_insert_point,runtime/POSIX/./klee_init_env.c,555,__user_main at runtime/POSIX/./klee_init_env.c:563,__user_main,runtime/POSIX/./klee_init_env.c,563,__uClibc_main at libc/misc/internals/__uClibc_main.c:401,__uClibc_main,libc/misc/internals/__uClibc_main.c,401,main,main,,0
5925940595014316676,506942499,flush (unnecessary),43,flush_clwb at nvmbugs/005_nvm_direct/original_lib/pmem.c:374,flush_clwb,nvmbugs/005_nvm_direct/original_lib/pmem.c,374,pmem_flush at nvmbugs/005_nvm_direct/original_lib/pmem.c:417,pmem_flush,nvmbugs/005_nvm_direct/original_lib/pmem.c,417,nvms_flush at nvmbugs/005_nvm_direct/original_lib/nvms_misc.c:112,nvms_flush,nvmbugs/005_nvm_direct/original_lib/nvms_misc.c,112,nvm_persist at nvmbugs/005_nvm_direct/original_lib/nvm_misc.c:525,nvm_persist,nvmbugs/005_nvm_direct/original_lib/nvm_misc.c,525,nvm_add_oper at nvmbugs/005_nvm_direct/original_lib/nvm_transaction.c:1430,nvm_add_oper,nvmbugs/005_nvm_direct/original_lib/nvm_transaction.c,1430,nvm_add_lock_op at nvmbugs/005_nvm_direct/original_lib/nvm_transaction.c:1914,nvm_add_lock_op,nvmbugs/005_nvm_direct/original_lib/nvm_transaction.c,1914,nvm_lock at nvmbugs/005_nvm_direct/original_lib/nvm_locks.c:867,nvm_lock,nvmbugs/005_nvm_direct/original_lib/nvm_locks.c,867,nvm_xlock.102 at nvmbugs/005_nvm_direct/original_lib/nvm_locks.h:333,nvm_xlock.102,nvmbugs/005_nvm_direct/original_lib/nvm_locks.h,333,nvm_remx_callback at nvmbugs/005_nvm_direct/original_lib/nvm_region.c:1702,nvm_remx_callback,nvmbugs/005_nvm_direct/original_lib/nvm_region.c,1702,nvm_commit at nvmbugs/005_nvm_direct/original_lib/nvm_transaction.c:2861,nvm_commit,nvmbugs/005_nvm_direct/original_lib/nvm_transaction.c,2861,nvm_resize_heap at nvmbugs/005_nvm_direct/original_lib/nvm_heap.c:1056,nvm_resize_heap,nvmbugs/005_nvm_direct/original_lib/nvm_heap.c,1056,__klee_posix_wrapped_main at nvmbugs/005_nvm_direct/allocs.c:231,__klee_posix_wrapped_main,nvmbugs/005_nvm_direct/allocs.c,231,__klee_posix_ctor_stub_insert_point at runtime/POSIX/./klee_init_env.c:555,__klee_posix_ctor_stub_insert_point,runtime/POSIX/./klee_init_env.c,555,__user_main at runtime/POSIX/./klee_init_env.c:563,__user_main,runtime/POSIX/./klee_init_env.c,563,__uClibc_main at libc/misc/internals/__uClibc_main.c:401,__uClibc_main,libc/misc/internals/__uClibc_main.c,401,main,main,,0
14063027114942648968,506980170,flush (unnecessary),43,flush_clwb at nvmbugs/005_nvm_direct/original_lib/pmem.c:374,flush_clwb,nvmbugs/005_nvm_direct/original_lib/pmem.c,374,pmem_flush at nvmbugs/005_nvm_direct/original_lib/pmem.c:417,pmem_flush,nvmbugs/005_nvm_direct/original_lib/pmem.c,417,nvms_flush at nvmbugs/005_nvm_direct/original_lib/nvms_misc.c:112,nvms_flush,nvmbugs/005_nvm_direct/original_lib/nvms_misc.c,112,nvm_persist at nvmbugs/005_nvm_direct/original_lib/nvm_misc.c:525,nvm_persist,nvmbugs/005_nvm_direct/original_lib/nvm_misc.c,525,nvm_add_oper at nvmbugs/005_nvm_direct/original_lib/nvm_transaction.c:1430,nvm_add_oper,nvmbugs/005_nvm_direct/original_lib/nvm_transaction.c,1430,nvm_undo at nvmbugs/005_nvm_direct/original_lib/nvm_transaction.c:1763,nvm_undo,nvmbugs/005_nvm_direct/original_lib/nvm_transaction.c,1763,nvm_remx_callback at nvmbugs/005_nvm_direct/original_lib/nvm_region.c:1749,nvm_remx_callback,nvmbugs/005_nvm_direct/original_lib/nvm_region.c,1749,nvm_commit at nvmbugs/005_nvm_direct/original_lib/nvm_transaction.c:2861,nvm_commit,nvmbugs/005_nvm_direct/original_lib/nvm_transaction.c,2861,nvm_resize_heap at nvmbugs/005_nvm_direct/original_lib/nvm_heap.c:1056,nvm_resize_heap,nvmbugs/005_nvm_direct/original_lib/nvm_heap.c,1056,__klee_posix_wrapped_main at nvmbugs/005_nvm_direct/allocs.c:231,__klee_posix_wrapped_main,nvmbugs/005_nvm_direct/allocs.c,231,__klee_posix_ctor_stub_insert_point at runtime/POSIX/./klee_init_env.c:555,__klee_posix_ctor_stub_insert_point,runtime/POSIX/./klee_init_env.c,555,__user_main at runtime/POSIX/./klee_init_env.c:563,__user_main,runtime/POSIX/./klee_init_env.c,563,__uClibc_main at libc/misc/internals/__uClibc_main.c:401,__uClibc_main,libc/misc/internals/__uClibc_main.c,401,main,main,,0
8125470882797849463,507202836,flush (unnecessary),43,flush_clwb at nvmbugs/005_nvm_direct/original_lib/pmem.c:374,flush_clwb,nvmbugs/005_nvm_direct/original_lib/pmem.c,374,pmem_flush at nvmbugs/005_nvm_direct/original_lib/pmem.c:417,pmem_flush,nvmbugs/005_nvm_direct/original_lib/pmem.c,417,nvms_flush at nvmbugs/005_nvm_direct/original_lib/nvms_misc.c:112,nvms_flush,nvmbugs/005_nvm_direct/original_lib/nvms_misc.c,112,nvm_persist at nvmbugs/005_nvm_direct/original_lib/nvm_misc.c:525,nvm_persist,nvmbugs/005_nvm_direct/original_lib/nvm_misc.c,525,nvm_txbegin at nvmbugs/005_nvm_direct/original_lib/nvm_transaction.c:545,nvm_txbegin,nvmbugs/005_nvm_direct/original_lib/nvm_transaction.c,545,nvm_query_extents at nvmbugs/005_nvm_direct/original_lib/nvm_region.c:3039,nvm_query_extents,nvmbugs/005_nvm_direct/original_lib/nvm_region.c,3039,report at nvmbugs/005_nvm_direct/allocs.c:320,report,nvmbugs/005_nvm_direct/allocs.c,320,__klee_posix_wrapped_main at nvmbugs/005_nvm_direct/allocs.c:237,__klee_posix_wrapped_main,nvmbugs/005_nvm_direct/allocs.c,237,__klee_posix_ctor_stub_insert_point at runtime/POSIX/./klee_init_env.c:555,__klee_posix_ctor_stub_insert_point,runtime/POSIX/./klee_init_env.c,555,__user_main at runtime/POSIX/./klee_init_env.c:563,__user_main,runtime/POSIX/./klee_init_env.c,563,__uClibc_main at libc/misc/internals/__uClibc_main.c:401,__uClibc_main,libc/misc/internals/__uClibc_main.c,401,main,main,,0
8036650934568542926,508509262,fence (unnecessary),214,predrain_fence_sfence at nvmbugs/005_nvm_direct/original_lib/pmem.c:279,predrain_fence_sfence,nvmbugs/005_nvm_direct/original_lib/pmem.c,279,drain_no_pcommit at nvmbugs/005_nvm_direct/original_lib/pmem.c:299,drain_no_pcommit,nvmbugs/005_nvm_direct/original_lib/pmem.c,299,pmem_drain at nvmbugs/005_nvm_direct/original_lib/pmem.c:336,pmem_drain,nvmbugs/005_nvm_direct/original_lib/pmem.c,336,nvms_persist at nvmbugs/005_nvm_direct/original_lib/nvms_misc.c:125,nvms_persist,nvmbugs/005_nvm_direct/original_lib/nvms_misc.c,125,nvm_persist at nvmbugs/005_nvm_direct/original_lib/nvm_misc.c:533,nvm_persist,nvmbugs/005_nvm_direct/original_lib/nvm_misc.c,533,nvm_commit at nvmbugs/005_nvm_direct/original_lib/nvm_transaction.c:2751,nvm_commit,nvmbugs/005_nvm_direct/original_lib/nvm_transaction.c,2751,nvm_query_extents at nvmbugs/005_nvm_direct/original_lib/nvm_region.c:3089,nvm_query_extents,nvmbugs/005_nvm_direct/original_lib/nvm_region.c,3089,__klee_posix_wrapped_main at nvmbugs/005_nvm_direct/allocs.c:288,__klee_posix_wrapped_main,nvmbugs/005_nvm_direct/allocs.c,288,__klee_posix_ctor_stub_insert_point at runtime/POSIX/./klee_init_env.c:555,__klee_posix_ctor_stub_insert_point,runtime/POSIX/./klee_init_env.c,555,__user_main at runtime/POSIX/./klee_init_env.c:563,__user_main,runtime/POSIX/./klee_init_env.c,563,__uClibc_main at libc/misc/internals/__uClibc_main.c:401,__uClibc_main,libc/misc/internals/__uClibc_main.c,401,main,main,,0
5313647380591151564,508888022,flush (unnecessary),214,flush_clwb at nvmbugs/005_nvm_direct/original_lib/pmem.c:374,flush_clwb,nvmbugs/005_nvm_direct/original_lib/pmem.c,374,pmem_flush at nvmbugs/005_nvm_direct/original_lib/pmem.c:417,pmem_flush,nvmbugs/005_nvm_direct/original_lib/pmem.c,417,nvms_flush at nvmbugs/005_nvm_direct/original_lib/nvms_misc.c:112,nvms_flush,nvmbugs/005_nvm_direct/original_lib/nvms_misc.c,112,nvm_persist at nvmbugs/005_nvm_direct/original_lib/nvm_misc.c:525,nvm_persist,nvmbugs/005_nvm_direct/original_lib/nvm_misc.c,525,nvm_add_oper at nvmbugs/005_nvm_direct/original_lib/nvm_transaction.c:1430,nvm_add_oper,nvmbugs/005_nvm_direct/original_lib/nvm_transaction.c,1430,nvm_oncommit at nvmbugs/005_nvm_direct/original_lib/nvm_transaction.c:2250,nvm_oncommit,nvmbugs/005_nvm_direct/original_lib/nvm_transaction.c,2250,nvm_remove_extent1 at nvmbugs/005_nvm_direct/original_lib/nvm_region.c:2431,nvm_remove_extent1,nvmbugs/005_nvm_direct/original_lib/nvm_region.c,2431,nvm_delete_heap at nvmbugs/005_nvm_direct/original_lib/nvm_heap.c:1195,nvm_delete_heap,nvmbugs/005_nvm_direct/original_lib/nvm_heap.c,1195,__klee_posix_wrapped_main at nvmbugs/005_nvm_direct/allocs.c:290,__klee_posix_wrapped_main,nvmbugs/005_nvm_direct/allocs.c,290,__klee_posix_ctor_stub_insert_point at runtime/POSIX/./klee_init_env.c:555,__klee_posix_ctor_stub_insert_point,runtime/POSIX/./klee_init_env.c,555,__user_main at runtime/POSIX/./klee_init_env.c:563,__user_main,runtime/POSIX/./klee_init_env.c,563,__uClibc_main at libc/misc/internals/__uClibc_main.c:401,__uClibc_main,libc/misc/internals/__uClibc_main.c,401,main,main,,0
8276528107735118564,33040303,flush (unnecessary),43,flush_clwb at nvmbugs/005_nvm_direct/original_lib/pmem.c:374,flush_clwb,nvmbugs/005_nvm_direct/original_lib/pmem.c,374,pmem_flush at nvmbugs/005_nvm_direct/original_lib/pmem.c:417,pmem_flush,nvmbugs/005_nvm_direct/original_lib/pmem.c,417,nvms_flush at nvmbugs/005_nvm_direct/original_lib/nvms_misc.c:112,nvms_flush,nvmbugs/005_nvm_direct/original_lib/nvms_misc.c,112,nvm_persist at nvmbugs/005_nvm_direct/original_lib/nvm_misc.c:525,nvm_persist,nvmbugs/005_nvm_direct/original_lib/nvm_misc.c,525,nvm_add_oper at nvmbugs/005_nvm_direct/original_lib/nvm_transaction.c:1430,nvm_add_oper,nvmbugs/005_nvm_direct/original_lib/nvm_transaction.c,1430,nvm_add_lock_op at nvmbugs/005_nvm_direct/original_lib/nvm_transaction.c:1914,nvm_add_lock_op,nvmbugs/005_nvm_direct/original_lib/nvm_transaction.c,1914,nvm_lock at nvmbugs/005_nvm_direct/original_lib/nvm_locks.c:867,nvm_lock,nvmbugs/005_nvm_direct/original_lib/nvm_locks.c,867,nvm_xlock.102 at nvmbugs/005_nvm_direct/original_lib/nvm_locks.h:333,nvm_xlock.102,nvmbugs/005_nvm_direct/original_lib/nvm_locks.h,333,nvm_add_extent at nvmbugs/005_nvm_direct/original_lib/nvm_region.c:2081,nvm_add_extent,nvmbugs/005_nvm_direct/original_lib/nvm_region.c,2081,__klee_posix_wrapped_main at nvmbugs/005_nvm_direct/allocs.c:100,__klee_posix_wrapped_main,nvmbugs/005_nvm_direct/allocs.c,100,__klee_posix_ctor_stub_insert_point at runtime/POSIX/./klee_init_env.c:555,__klee_posix_ctor_stub_insert_point,runtime/POSIX/./klee_init_env.c,555,__user_main at runtime/POSIX/./klee_init_env.c:563,__user_main,runtime/POSIX/./klee_init_env.c,563,__uClibc_main at libc/misc/internals/__uClibc_main.c:401,__uClibc_main,libc/misc/internals/__uClibc_main.c,401,main,main,,0
982095470928057452,509212797,flush (unnecessary),856,flush_clwb at nvmbugs/005_nvm_direct/original_lib/pmem.c:374,flush_clwb,nvmbugs/005_nvm_direct/original_lib/pmem.c,374,pmem_flush at nvmbugs/005_nvm_direct/original_lib/pmem.c:417,pmem_flush,nvmbugs/005_nvm_direct/original_lib/pmem.c,417,nvms_flush at nvmbugs/005_nvm_direct/original_lib/nvms_misc.c:112,nvms_flush,nvmbugs/005_nvm_direct/original_lib/nvms_misc.c,112,nvm_persist at nvmbugs/005_nvm_direct/original_lib/nvm_misc.c:525,nvm_persist,nvmbugs/005_nvm_direct/original_lib/nvm_misc.c,525,nvm_add_oper at nvmbugs/005_nvm_direct/original_lib/nvm_transaction.c:1430,nvm_add_oper,nvmbugs/005_nvm_direct/original_lib/nvm_transaction.c,1430,nvm_undo at nvmbugs/005_nvm_direct/original_lib/nvm_transaction.c:1763,nvm_undo,nvmbugs/005_nvm_direct/original_lib/nvm_transaction.c,1763,nvm_remx_callback at nvmbugs/005_nvm_direct/original_lib/nvm_region.c:1738,nvm_remx_callback,nvmbugs/005_nvm_direct/original_lib/nvm_region.c,1738,nvm_commit at nvmbugs/005_nvm_direct/original_lib/nvm_transaction.c:2861,nvm_commit,nvmbugs/005_nvm_direct/original_lib/nvm_transaction.c,2861,__klee_posix_wrapped_main at nvmbugs/005_nvm_direct/allocs.c:293,__klee_posix_wrapped_main,nvmbugs/005_nvm_direct/allocs.c,293,__klee_posix_ctor_stub_insert_point at runtime/POSIX/./klee_init_env.c:555,__klee_posix_ctor_stub_insert_point,runtime/POSIX/./klee_init_env.c,555,__user_main at runtime/POSIX/./klee_init_env.c:563,__user_main,runtime/POSIX/./klee_init_env.c,563,__uClibc_main at libc/misc/internals/__uClibc_main.c:401,__uClibc_main,libc/misc/internals/__uClibc_main.c,401,main,main,,0
8414876974666928826,2187136953,flush (unnecessary),4,flush_clwb at nvmbugs/005_nvm_direct/original_lib/pmem.c:374,flush_clwb,nvmbugs/005_nvm_direct/original_lib/pmem.c,374,pmem_flush at nvmbugs/005_nvm_direct/original_lib/pmem.c:417,pmem_flush,nvmbugs/005_nvm_direct/original_lib/pmem.c,417,nvms_flush at nvmbugs/005_nvm_direct/original_lib/nvms_misc.c:112,nvms_flush,nvmbugs/005_nvm_direct/original_lib/nvms_misc.c,112,nvm_flush1 at nvmbugs/005_nvm_direct/original_lib/nvm_misc.c:480,nvm_flush1,nvmbugs/005_nvm_direct/original_lib/nvm_misc.c,480,nvm_add_oper at nvmbugs/005_nvm_direct/original_lib/nvm_transaction.c:1429,nvm_add_oper,nvmbugs/005_nvm_direct/original_lib/nvm_transaction.c,1429,nvm_undo at nvmbugs/005_nvm_direct/original_lib/nvm_transaction.c:1763,nvm_undo,nvmbugs/005_nvm_direct/original_lib/nvm_transaction.c,1763,nvm_freelist_link at nvmbugs/005_nvm_direct/original_lib/nvm_heap.c:2934,nvm_freelist_link,nvmbugs/005_nvm_direct/original_lib/nvm_heap.c,2934,nvm_alloc_blk at nvmbugs/005_nvm_direct/original_lib/nvm_heap.c:3312,nvm_alloc_blk,nvmbugs/005_nvm_direct/original_lib/nvm_heap.c,3312,nvm_alloc at nvmbugs/005_nvm_direct/original_lib/nvm_heap.c:1631,nvm_alloc,nvmbugs/005_nvm_direct/original_lib/nvm_heap.c,1631,__klee_posix_wrapped_main at nvmbugs/005_nvm_direct/allocs.c:272,__klee_posix_wrapped_main,nvmbugs/005_nvm_direct/allocs.c,272,__klee_posix_ctor_stub_insert_point at runtime/POSIX/./klee_init_env.c:555,__klee_posix_ctor_stub_insert_point,runtime/POSIX/./klee_init_env.c,555,__user_main at runtime/POSIX/./klee_init_env.c:563,__user_main,runtime/POSIX/./klee_init_env.c,563,__uClibc_main at libc/misc/internals/__uClibc_main.c:401,__uClibc_main,libc/misc/internals/__uClibc_main.c,401,main,main,,0
13641414300343817868,505618158,flush (unnecessary),43,flush_clwb at nvmbugs/005_nvm_direct/original_lib/pmem.c:374,flush_clwb,nvmbugs/005_nvm_direct/original_lib/pmem.c,374,pmem_flush at nvmbugs/005_nvm_direct/original_lib/pmem.c:417,pmem_flush,nvmbugs/005_nvm_direct/original_lib/pmem.c,417,nvms_flush at nvmbugs/005_nvm_direct/original_lib/nvms_misc.c:112,nvms_flush,nvmbugs/005_nvm_direct/original_lib/nvms_misc.c,112,nvm_persist at nvmbugs/005_nvm_direct/original_lib/nvm_misc.c:525,nvm_persist,nvmbugs/005_nvm_direct/original_lib/nvm_misc.c,525,nvm_add_oper at nvmbugs/005_nvm_direct/original_lib/nvm_transaction.c:1430,nvm_add_oper,nvmbugs/005_nvm_direct/original_lib/nvm_transaction.c,1430,nvm_undo at nvmbugs/005_nvm_direct/original_lib/nvm_transaction.c:1763,nvm_undo,nvmbugs/005_nvm_direct/original_lib/nvm_transaction.c,1763,nvm_resize_heap at nvmbugs/005_nvm_direct/original_lib/nvm_heap.c:1028,nvm_resize_heap,nvmbugs/005_nvm_direct/original_lib/nvm_heap.c,1028,__klee_posix_wrapped_main at nvmbugs/005_nvm_direct/allocs.c:170,__klee_posix_wrapped_main,nvmbugs/005_nvm_direct/allocs.c,170,__klee_posix_ctor_stub_insert_point at runtime/POSIX/./klee_init_env.c:555,__klee_posix_ctor_stub_insert_point,runtime/POSIX/./klee_init_env.c,555,__user_main at runtime/POSIX/./klee_init_env.c:563,__user_main,runtime/POSIX/./klee_init_env.c,563,__uClibc_main at libc/misc/internals/__uClibc_main.c:401,__uClibc_main,libc/misc/internals/__uClibc_main.c,401,main,main,,0
1316984794997128230,509240224,flush (unnecessary),428,flush_clwb at nvmbugs/005_nvm_direct/original_lib/pmem.c:374,flush_clwb,nvmbugs/005_nvm_direct/original_lib/pmem.c,374,pmem_flush at nvmbugs/005_nvm_direct/original_lib/pmem.c:417,pmem_flush,nvmbugs/005_nvm_direct/original_lib/pmem.c,417,nvms_flush at nvmbugs/005_nvm_direct/original_lib/nvms_misc.c:112,nvms_flush,nvmbugs/005_nvm_direct/original_lib/nvms_misc.c,112,nvm_persist at nvmbugs/005_nvm_direct/original_lib/nvm_misc.c:525,nvm_persist,nvmbugs/005_nvm_direct/original_lib/nvm_misc.c,525,nvm_add_oper at nvmbugs/005_nvm_direct/original_lib/nvm_transaction.c:1430,nvm_add_oper,nvmbugs/005_nvm_direct/original_lib/nvm_transaction.c,1430,nvm_undo at nvmbugs/005_nvm_direct/original_lib/nvm_transaction.c:1763,nvm_undo,nvmbugs/005_nvm_direct/original_lib/nvm_transaction.c,1763,nvm_remx_callback at nvmbugs/005_nvm_direct/original_lib/nvm_region.c:1739,nvm_remx_callback,nvmbugs/005_nvm_direct/original_lib/nvm_region.c,1739,nvm_commit at nvmbugs/005_nvm_direct/original_lib/nvm_transaction.c:2861,nvm_commit,nvmbugs/005_nvm_direct/original_lib/nvm_transaction.c,2861,__klee_posix_wrapped_main at nvmbugs/005_nvm_direct/allocs.c:293,__klee_posix_wrapped_main,nvmbugs/005_nvm_direct/allocs.c,293,__klee_posix_ctor_stub_insert_point at runtime/POSIX/./klee_init_env.c:555,__klee_posix_ctor_stub_insert_point,runtime/POSIX/./klee_init_env.c,555,__user_main at runtime/POSIX/./klee_init_env.c:563,__user_main,runtime/POSIX/./klee_init_env.c,563,__uClibc_main at libc/misc/internals/__uClibc_main.c:401,__uClibc_main,libc/misc/internals/__uClibc_main.c,401,main,main,,0
2811591939741545027,509310734,fence (unnecessary),428,predrain_fence_sfence at nvmbugs/005_nvm_direct/original_lib/pmem.c:279,predrain_fence_sfence,nvmbugs/005_nvm_direct/original_lib/pmem.c,279,drain_no_pcommit at nvmbugs/005_nvm_direct/original_lib/pmem.c:299,drain_no_pcommit,nvmbugs/005_nvm_direct/original_lib/pmem.c,299,pmem_drain at nvmbugs/005_nvm_direct/original_lib/pmem.c:336,pmem_drain,nvmbugs/005_nvm_direct/original_lib/pmem.c,336,nvms_persist at nvmbugs/005_nvm_direct/original_lib/nvms_misc.c:125,nvms_persist,nvmbugs/005_nvm_direct/original_lib/nvms_misc.c,125,nvm_persist at nvmbugs/005_nvm_direct/original_lib/nvm_misc.c:533,nvm_persist,nvmbugs/005_nvm_direct/original_lib/nvm_misc.c,533,nvm_commit at nvmbugs/005_nvm_direct/original_lib/nvm_transaction.c:2751,nvm_commit,nvmbugs/005_nvm_direct/original_lib/nvm_transaction.c,2751,nvm_txend at nvmbugs/005_nvm_direct/original_lib/nvm_transaction.c:793,nvm_txend,nvmbugs/005_nvm_direct/original_lib/nvm_transaction.c,793,nvm_commit at nvmbugs/005_nvm_direct/original_lib/nvm_transaction.c:2864,nvm_commit,nvmbugs/005_nvm_direct/original_lib/nvm_transaction.c,2864,__klee_posix_wrapped_main at nvmbugs/005_nvm_direct/allocs.c:293,__klee_posix_wrapped_main,nvmbugs/005_nvm_direct/allocs.c,293,__klee_posix_ctor_stub_insert_point at runtime/POSIX/./klee_init_env.c:555,__klee_posix_ctor_stub_insert_point,runtime/POSIX/./klee_init_env.c,555,__user_main at runtime/POSIX/./klee_init_env.c:563,__user_main,runtime/POSIX/./klee_init_env.c,563,__uClibc_main at libc/misc/internals/__uClibc_main.c:401,__uClibc_main,libc/misc/internals/__uClibc_main.c,401,main,main,,0
4068818458824775546,508710907,flush (unnecessary),214,flush_clwb at nvmbugs/005_nvm_direct/original_lib/pmem.c:374,flush_clwb,nvmbugs/005_nvm_direct/original_lib/pmem.c,374,pmem_flush at nvmbugs/005_nvm_direct/original_lib/pmem.c:417,pmem_flush,nvmbugs/005_nvm_direct/original_lib/pmem.c,417,nvms_flush at nvmbugs/005_nvm_direct/original_lib/nvms_misc.c:112,nvms_flush,nvmbugs/005_nvm_direct/original_lib/nvms_misc.c,112,nvm_persist at nvmbugs/005_nvm_direct/original_lib/nvm_misc.c:525,nvm_persist,nvmbugs/005_nvm_direct/original_lib/nvm_misc.c,525,nvm_add_oper at nvmbugs/005_nvm_direct/original_lib/nvm_transaction.c:1430,nvm_add_oper,nvmbugs/005_nvm_direct/original_lib/nvm_transaction.c,1430,nvm_undo at nvmbugs/005_nvm_direct/original_lib/nvm_transaction.c:1763,nvm_undo,nvmbugs/005_nvm_direct/original_lib/nvm_transaction.c,1763,nvm_heap_txset at nvmbugs/005_nvm_direct/original_lib/nvm_heap.h:67,nvm_heap_txset,nvmbugs/005_nvm_direct/original_lib/nvm_heap.h,67,nvm_delete_heap at nvmbugs/005_nvm_direct/original_lib/nvm_heap.c:1189,nvm_delete_heap,nvmbugs/005_nvm_direct/original_lib/nvm_heap.c,1189,__klee_posix_wrapped_main at nvmbugs/005_nvm_direct/allocs.c:290,__klee_posix_wrapped_main,nvmbugs/005_nvm_direct/allocs.c,290,__klee_posix_ctor_stub_insert_point at runtime/POSIX/./klee_init_env.c:555,__klee_posix_ctor_stub_insert_point,runtime/POSIX/./klee_init_env.c,555,__user_main at runtime/POSIX/./klee_init_env.c:563,__user_main,runtime/POSIX/./klee_init_env.c,563,__uClibc_main at libc/misc/internals/__uClibc_main.c:401,__uClibc_main,libc/misc/internals/__uClibc_main.c,401,main,main,,0
13523810961554599685,30575171,write (unpersisted),1070,nvm_recover at nvmbugs/005_nvm_direct/original_lib/nvm_transaction.c:5341,nvm_recover,nvmbugs/005_nvm_direct/original_lib/nvm_transaction.c,5341,nvm_create_region at nvmbugs/005_nvm_direct/original_lib/nvm_region.c:607,nvm_create_region,nvmbugs/005_nvm_direct/original_lib/nvm_region.c,607,__klee_posix_wrapped_main at nvmbugs/005_nvm_direct/allocs.c:72,__klee_posix_wrapped_main,nvmbugs/005_nvm_direct/allocs.c,72,__klee_posix_ctor_stub_insert_point at runtime/POSIX/./klee_init_env.c:555,__klee_posix_ctor_stub_insert_point,runtime/POSIX/./klee_init_env.c,555,__user_main at runtime/POSIX/./klee_init_env.c:563,__user_main,runtime/POSIX/./klee_init_env.c,563,__uClibc_main at libc/misc/internals/__uClibc_main.c:401,__uClibc_main,libc/misc/internals/__uClibc_main.c,401,main,main,,0
2770333067569431219,32394274,write (unpersisted),1070,nvm_txend at nvmbugs/005_nvm_direct/original_lib/nvm_transaction.c:872,nvm_txend,nvmbugs/005_nvm_direct/original_lib/nvm_transaction.c,872,nvm_create_region at nvmbugs/005_nvm_direct/original_lib/nvm_region.c:624,nvm_create_region,nvmbugs/005_nvm_direct/original_lib/nvm_region.c,624,__klee_posix_wrapped_main at nvmbugs/005_nvm_direct/allocs.c:72,__klee_posix_wrapped_main,nvmbugs/005_nvm_direct/allocs.c,72,__klee_posix_ctor_stub_insert_point at runtime/POSIX/./klee_init_env.c:555,__klee_posix_ctor_stub_insert_point,runtime/POSIX/./klee_init_env.c,555,__user_main at runtime/POSIX/./klee_init_env.c:563,__user_main,runtime/POSIX/./klee_init_env.c,563,__uClibc_main at libc/misc/internals/__uClibc_main.c:401,__uClibc_main,libc/misc/internals/__uClibc_main.c,401,main,main,,0
17133082493199218570,30634898,flush (unnecessary),258,flush_clwb at nvmbugs/005_nvm_direct/original_lib/pmem.c:374,flush_clwb,nvmbugs/005_nvm_direct/original_lib/pmem.c,374,pmem_flush at nvmbugs/005_nvm_direct/original_lib/pmem.c:417,pmem_flush,nvmbugs/005_nvm_direct/original_lib/pmem.c,417,nvms_flush at nvmbugs/005_nvm_direct/original_lib/nvms_misc.c:112,nvms_flush,nvmbugs/005_nvm_direct/original_lib/nvms_misc.c,112,nvm_persist at nvmbugs/005_nvm_direct/original_lib/nvm_misc.c:525,nvm_persist,nvmbugs/005_nvm_direct/original_lib/nvm_misc.c,525,nvm_txbegin at nvmbugs/005_nvm_direct/original_lib/nvm_transaction.c:545,nvm_txbegin,nvmbugs/005_nvm_direct/original_lib/nvm_transaction.c,545,nvm_create_region at nvmbugs/005_nvm_direct/original_lib/nvm_region.c:618,nvm_create_region,nvmbugs/005_nvm_direct/original_lib/nvm_region.c,618,__klee_posix_wrapped_main at nvmbugs/005_nvm_direct/allocs.c:72,__klee_posix_wrapped_main,nvmbugs/005_nvm_direct/allocs.c,72,__klee_posix_ctor_stub_insert_point at runtime/POSIX/./klee_init_env.c:555,__klee_posix_ctor_stub_insert_point,runtime/POSIX/./klee_init_env.c,555,__user_main at runtime/POSIX/./klee_init_env.c:563,__user_main,runtime/POSIX/./klee_init_env.c,563,__uClibc_main at libc/misc/internals/__uClibc_main.c:401,__uClibc_main,libc/misc/internals/__uClibc_main.c,401,main,main,,0
7520934938695197210,509604710,write (unpersisted),1070,nvm_txend at nvmbugs/005_nvm_direct/original_lib/nvm_transaction.c:880,nvm_txend,nvmbugs/005_nvm_direct/original_lib/nvm_transaction.c,880,__klee_posix_wrapped_main at nvmbugs/005_nvm_direct/allocs.c:294,__klee_posix_wrapped_main,nvmbugs/005_nvm_direct/allocs.c,294,__klee_posix_ctor_stub_insert_point at runtime/POSIX/./klee_init_env.c:555,__klee_posix_ctor_stub_insert_point,runtime/POSIX/./klee_init_env.c,555,__user_main at runtime/POSIX/./klee_init_env.c:563,__user_main,runtime/POSIX/./klee_init_env.c,563,__uClibc_main at libc/misc/internals/__uClibc_main.c:401,__uClibc_main,libc/misc/internals/__uClibc_main.c,401,main,main,,0
4864171686952913300,509602378,write (unpersisted),1070,nvm_txend at nvmbugs/005_nvm_direct/original_lib/nvm_transaction.c:872,nvm_txend,nvmbugs/005_nvm_direct/original_lib/nvm_transaction.c,872,__klee_posix_wrapped_main at nvmbugs/005_nvm_direct/allocs.c:294,__klee_posix_wrapped_main,nvmbugs/005_nvm_direct/allocs.c,294,__klee_posix_ctor_stub_insert_point at runtime/POSIX/./klee_init_env.c:555,__klee_posix_ctor_stub_insert_point,runtime/POSIX/./klee_init_env.c,555,__user_main at runtime/POSIX/./klee_init_env.c:563,__user_main,runtime/POSIX/./klee_init_env.c,563,__uClibc_main at libc/misc/internals/__uClibc_main.c:401,__uClibc_main,libc/misc/internals/__uClibc_main.c,401,main,main,,0
13419721412882600560,507133513,fence (unnecessary),43,predrain_fence_sfence at nvmbugs/005_nvm_direct/original_lib/pmem.c:279,predrain_fence_sfence,nvmbugs/005_nvm_direct/original_lib/pmem.c,279,drain_no_pcommit at nvmbugs/005_nvm_direct/original_lib/pmem.c:299,drain_no_pcommit,nvmbugs/005_nvm_direct/original_lib/pmem.c,299,pmem_drain at nvmbugs/005_nvm_direct/original_lib/pmem.c:336,pmem_drain,nvmbugs/005_nvm_direct/original_lib/pmem.c,336,nvms_persist at nvmbugs/005_nvm_direct/original_lib/nvms_misc.c:125,nvms_persist,nvmbugs/005_nvm_direct/original_lib/nvms_misc.c,125,nvm_persist at nvmbugs/005_nvm_direct/original_lib/nvm_misc.c:533,nvm_persist,nvmbugs/005_nvm_direct/original_lib/nvm_misc.c,533,nvm_txend at nvmbugs/005_nvm_direct/original_lib/nvm_transaction.c:873,nvm_txend,nvmbugs/005_nvm_direct/original_lib/nvm_transaction.c,873,nvm_resize_heap at nvmbugs/005_nvm_direct/original_lib/nvm_heap.c:1057,nvm_resize_heap,nvmbugs/005_nvm_direct/original_lib/nvm_heap.c,1057,__klee_posix_wrapped_main at nvmbugs/005_nvm_direct/allocs.c:231,__klee_posix_wrapped_main,nvmbugs/005_nvm_direct/allocs.c,231,__klee_posix_ctor_stub_insert_point at runtime/POSIX/./klee_init_env.c:555,__klee_posix_ctor_stub_insert_point,runtime/POSIX/./klee_init_env.c,555,__user_main at runtime/POSIX/./klee_init_env.c:563,__user_main,runtime/POSIX/./klee_init_env.c,563,__uClibc_main at libc/misc/internals/__uClibc_main.c:401,__uClibc_main,libc/misc/internals/__uClibc_main.c,401,main,main,,0
7959697666959971693,12755895,write (unpersisted),1070,nvm_blk_set at nvmbugs/005_nvm_direct/original_lib/nvm_heap0.h:89,nvm_blk_set,nvmbugs/005_nvm_direct/original_lib/nvm_heap0.h,89,nvm_create_baseheap at nvmbugs/005_nvm_direct/original_lib/nvm_heap.c:359,nvm_create_baseheap,nvmbugs/005_nvm_direct/original_lib/nvm_heap.c,359,nvm_create_rootheap at nvmbugs/005_nvm_direct/original_lib/nvm_heap.c:176,nvm_create_rootheap,nvmbugs/005_nvm_direct/original_lib/nvm_heap.c,176,nvm_create_region at nvmbugs/005_nvm_direct/original_lib/nvm_region.c:595,nvm_create_region,nvmbugs/005_nvm_direct/original_lib/nvm_region.c,595,__klee_posix_wrapped_main at nvmbugs/005_nvm_direct/allocs.c:72,__klee_posix_wrapped_main,nvmbugs/005_nvm_direct/allocs.c,72,__klee_posix_ctor_stub_insert_point at runtime/POSIX/./klee_init_env.c:555,__klee_posix_ctor_stub_insert_point,runtime/POSIX/./klee_init_env.c,555,__user_main at runtime/POSIX/./klee_init_env.c:563,__user_main,runtime/POSIX/./klee_init_env.c,563,__uClibc_main at libc/misc/internals/__uClibc_main.c:401,__uClibc_main,libc/misc/internals/__uClibc_main.c,401,main,main,,0
8101038837033925117,509603507,fence (unnecessary),214,predrain_fence_sfence at nvmbugs/005_nvm_direct/original_lib/pmem.c:279,predrain_fence_sfence,nvmbugs/005_nvm_direct/original_lib/pmem.c,279,drain_no_pcommit at nvmbugs/005_nvm_direct/original_lib/pmem.c:299,drain_no_pcommit,nvmbugs/005_nvm_direct/original_lib/pmem.c,299,pmem_drain at nvmbugs/005_nvm_direct/original_lib/pmem.c:336,pmem_drain,nvmbugs/005_nvm_direct/original_lib/pmem.c,336,nvms_persist at nvmbugs/005_nvm_direct/original_lib/nvms_misc.c:125,nvms_persist,nvmbugs/005_nvm_direct/original_lib/nvms_misc.c,125,nvm_persist at nvmbugs/005_nvm_direct/original_lib/nvm_misc.c:533,nvm_persist,nvmbugs/005_nvm_direct/original_lib/nvm_misc.c,533,nvm_txend at nvmbugs/005_nvm_direct/original_lib/nvm_transaction.c:873,nvm_txend,nvmbugs/005_nvm_direct/original_lib/nvm_transaction.c,873,__klee_posix_wrapped_main at nvmbugs/005_nvm_direct/allocs.c:294,__klee_posix_wrapped_main,nvmbugs/005_nvm_direct/allocs.c,294,__klee_posix_ctor_stub_insert_point at runtime/POSIX/./klee_init_env.c:555,__klee_posix_ctor_stub_insert_point,runtime/POSIX/./klee_init_env.c,555,__user_main at runtime/POSIX/./klee_init_env.c:563,__user_main,runtime/POSIX/./klee_init_env.c,563,__uClibc_main at libc/misc/internals/__uClibc_main.c:401,__uClibc_main,libc/misc/internals/__uClibc_main.c,401,main,main,,0
18375402894148655444,30567094,write (unpersisted),1070,nvm_recover at nvmbugs/005_nvm_direct/original_lib/nvm_transaction.c:5323,nvm_recover,nvmbugs/005_nvm_direct/original_lib/nvm_transaction.c,5323,nvm_create_region at nvmbugs/005_nvm_direct/original_lib/nvm_region.c:607,nvm_create_region,nvmbugs/005_nvm_direct/original_lib/nvm_region.c,607,__klee_posix_wrapped_main at nvmbugs/005_nvm_direct/allocs.c:72,__klee_posix_wrapped_main,nvmbugs/005_nvm_direct/allocs.c,72,__klee_posix_ctor_stub_insert_point at runtime/POSIX/./klee_init_env.c:555,__klee_posix_ctor_stub_insert_point,runtime/POSIX/./klee_init_env.c,555,__user_main at runtime/POSIX/./klee_init_env.c:563,__user_main,runtime/POSIX/./klee_init_env.c,563,__uClibc_main at libc/misc/internals/__uClibc_main.c:401,__uClibc_main,libc/misc/internals/__uClibc_main.c,401,main,main,,0
10942265282047696182,359991417,write (unpersisted),8560,memcpy at libc/string/memcpy.c:29,memcpy,libc/string/memcpy.c,29,_block_writev at runtime/POSIX/./buffers.c:387,_block_writev,runtime/POSIX/./buffers.c,387,_block_write at runtime/POSIX/./buffers.c:403,_block_write,runtime/POSIX/./buffers.c,403,_write_symbolic at runtime/POSIX/./symfs.c:64,_write_symbolic,runtime/POSIX/./symfs.c,64,_write_file at runtime/POSIX/./files.c:209,_write_file,runtime/POSIX/./files.c,209,_clean_write at runtime/POSIX/./fd.c:170,_clean_write,runtime/POSIX/./fd.c,170,_write at runtime/POSIX/./fd.c:413,_write,runtime/POSIX/./fd.c,413,pwrite at runtime/POSIX/./fd.c:426,pwrite,runtime/POSIX/./fd.c,426,nvms_alloc_range at nvmbugs/005_nvm_direct/original_lib/nvms_region.c:633,nvms_alloc_range,nvmbugs/005_nvm_direct/original_lib/nvms_region.c,633,nvm_resize_extent1 at nvmbugs/005_nvm_direct/original_lib/nvm_region.c:2819,nvm_resize_extent1,nvmbugs/005_nvm_direct/original_lib/nvm_region.c,2819,nvm_resize_extent at nvmbugs/005_nvm_direct/original_lib/nvm_region.c:2661,nvm_resize_extent,nvmbugs/005_nvm_direct/original_lib/nvm_region.c,2661,__klee_posix_wrapped_main at nvmbugs/005_nvm_direct/allocs.c:162,__klee_posix_wrapped_main,nvmbugs/005_nvm_direct/allocs.c,162,__klee_posix_ctor_stub_insert_point at runtime/POSIX/./klee_init_env.c:555,__klee_posix_ctor_stub_insert_point,runtime/POSIX/./klee_init_env.c,555,__user_main at runtime/POSIX/./klee_init_env.c:563,__user_main,runtime/POSIX/./klee_init_env.c,563,__uClibc_main at libc/misc/internals/__uClibc_main.c:401,__uClibc_main,libc/misc/internals/__uClibc_main.c,401,main,main,,0
11278659434742567375,30566512,write (unpersisted),1070,nvm_recover at nvmbugs/005_nvm_direct/original_lib/nvm_transaction.c:5315,nvm_recover,nvmbugs/005_nvm_direct/original_lib/nvm_transaction.c,5315,nvm_create_region at nvmbugs/005_nvm_direct/original_lib/nvm_region.c:607,nvm_create_region,nvmbugs/005_nvm_direct/original_lib/nvm_region.c,607,__klee_posix_wrapped_main at nvmbugs/005_nvm_direct/allocs.c:72,__klee_posix_wrapped_main,nvmbugs/005_nvm_direct/allocs.c,72,__klee_posix_ctor_stub_insert_point at runtime/POSIX/./klee_init_env.c:555,__klee_posix_ctor_stub_insert_point,runtime/POSIX/./klee_init_env.c,555,__user_main at runtime/POSIX/./klee_init_env.c:563,__user_main,runtime/POSIX/./klee_init_env.c,563,__uClibc_main at libc/misc/internals/__uClibc_main.c:401,__uClibc_main,libc/misc/internals/__uClibc_main.c,401,main,main,,0
12146889322529806467,115081326,write (unpersisted),8560,memcpy at libc/string/memcpy.c:29,memcpy,libc/string/memcpy.c,29,_block_writev at runtime/POSIX/./buffers.c:387,_block_writev,runtime/POSIX/./buffers.c,387,_block_write at runtime/POSIX/./buffers.c:403,_block_write,runtime/POSIX/./buffers.c,403,_write_symbolic at runtime/POSIX/./symfs.c:64,_write_symbolic,runtime/POSIX/./symfs.c,64,_write_file at runtime/POSIX/./files.c:209,_write_file,runtime/POSIX/./files.c,209,_clean_write at runtime/POSIX/./fd.c:170,_clean_write,runtime/POSIX/./fd.c,170,_write at runtime/POSIX/./fd.c:413,_write,runtime/POSIX/./fd.c,413,pwrite at runtime/POSIX/./fd.c:426,pwrite,runtime/POSIX/./fd.c,426,nvms_alloc_range at nvmbugs/005_nvm_direct/original_lib/nvms_region.c:633,nvms_alloc_range,nvmbugs/005_nvm_direct/original_lib/nvms_region.c,633,nvm_add_extent at nvmbugs/005_nvm_direct/original_lib/nvm_region.c:2239,nvm_add_extent,nvmbugs/005_nvm_direct/original_lib/nvm_region.c,2239,__klee_posix_wrapped_main at nvmbugs/005_nvm_direct/allocs.c:100,__klee_posix_wrapped_main,nvmbugs/005_nvm_direct/allocs.c,100,__klee_posix_ctor_stub_insert_point at runtime/POSIX/./klee_init_env.c:555,__klee_posix_ctor_stub_insert_point,runtime/POSIX/./klee_init_env.c,555,__user_main at runtime/POSIX/./klee_init_env.c:563,__user_main,runtime/POSIX/./klee_init_env.c,563,__uClibc_main at libc/misc/internals/__uClibc_main.c:401,__uClibc_main,libc/misc/internals/__uClibc_main.c,401,main,main,,0
